4.540925016031916450e-01 8.907710922044016488e-01 1.807930689420979287e-02 -7.381264016038571185e+01 -8.909508089090011351e-01 4.540558582639852570e-01 6.319315313598181973e-03 1.490748721334111906e+02 -2.579951805397557273e-03 -1.897732680219308896e-02 9.998165856283154351e-01 1.805967630734418794e+00
4.540925016031916450e-01 8.907710922044016488e-01 1.807930689420979287e-02 -7.381264016038571185e+01 -8.909508089090011351e-01 4.540558582639852570e-01 6.319315313598181973e-03 1.490748721334111906e+02 -2.579951805397557273e-03 -1.897732680219308896e-02 9.998165856283154351e-01 1.805967630734418794e+00
4.540925016031916450e-01 8.907710922044016488e-01 1.807930689420979287e-02 -7.381264016038571185e+01 -8.909508089090011351e-01 4.540558582639852570e-01 6.319315313598181973e-03 1.490748721334111906e+02 -2.579951805397557273e-03 -1.897732680219308896e-02 9.998165856283154351e-01 1.805967630734418794e+00
4.540925016031916450e-01 8.907710922044016488e-01 1.807930689420979287e-02 -7.381264016038571185e+01 -8.909508089090011351e-01 4.540558582639852570e-01 6.319315313598181973e-03 1.490748721334111906e+02 -2.579951805397557273e-03 -1.897732680219308896e-02 9.998165856283154351e-01 1.805967630734418794e+00
4.540925016031916450e-01 8.907710922044016488e-01 1.807930689420979287e-02 -7.381264016038571185e+01 -8.909508089090011351e-01 4.540558582639852570e-01 6.319315313598181973e-03 1.490748721334111906e+02 -2.579951805397557273e-03 -1.897732680219308896e-02 9.998165856283154351e-01 1.805967630734418794e+00
4.540925016031916450e-01 8.907710922044016488e-01 1.807930689420979287e-02 -7.381264016038571185e+01 -8.909508089090011351e-01 4.540558582639852570e-01 6.319315313598181973e-03 1.490748721334111906e+02 -2.579951805397557273e-03 -1.897732680219308896e-02 9.998165856283154351e-01 1.805967630734418794e+00
4.540925016031916450e-01 8.907710922044016488e-01 1.807930689420979287e-02 -7.381264016038571185e+01 -8.909508089090011351e-01 4.540558582639852570e-01 6.319315313598181973e-03 1.490748721334111906e+02 -2.579951805397557273e-03 -1.897732680219308896e-02 9.998165856283154351e-01 1.805967630734418794e+00
4.540925016031916450e-01 8.907710922044016488e-01 1.807930689420979287e-02 -7.381264016038571185e+01 -8.909508089090011351e-01 4.540558582639852570e-01 6.319315313598181973e-03 1.490748721334111906e+02 -2.579951805397557273e-03 -1.897732680219308896e-02 9.998165856283154351e-01 1.805967630734418794e+00
4.540925016031916450e-01 8.907710922044016488e-01 1.807930689420979287e-02 -7.381264016038571185e+01 -8.909508089090011351e-01 4.540558582639852570e-01 6.319315313598181973e-03 1.490748721334111906e+02 -2.579951805397557273e-03 -1.897732680219308896e-02 9.998165856283154351e-01 1.805967630734418794e+00
4.540925016031916450e-01 8.907710922044016488e-01 1.807930689420979287e-02 -7.381264016038571185e+01 -8.909508089090011351e-01 4.540558582639852570e-01 6.319315313598181973e-03 1.490748721334111906e+02 -2.579951805397557273e-03 -1.897732680219308896e-02 9.998165856283154351e-01 1.805967630734418794e+00
4.540925016031916450e-01 8.907710922044016488e-01 1.807930689420979287e-02 -7.381264016038571185e+01 -8.909508089090011351e-01 4.540558582639852570e-01 6.319315313598181973e-03 1.490748721334111906e+02 -2.579951805397557273e-03 -1.897732680219308896e-02 9.998165856283154351e-01 1.805967630734418794e+00
4.540925016031916450e-01 8.907710922044016488e-01 1.807930689420979287e-02 -7.381264016038571185e+01 -8.909508089090011351e-01 4.540558582639852570e-01 6.319315313598181973e-03 1.490748721334111906e+02 -2.579951805397557273e-03 -1.897732680219308896e-02 9.998165856283154351e-01 1.805967630734418794e+00
4.540925016031916450e-01 8.907710922044016488e-01 1.807930689420979287e-02 -7.381264016038571185e+01 -8.909508089090011351e-01 4.540558582639852570e-01 6.319315313598181973e-03 1.490748721334111906e+02 -2.579951805397557273e-03 -1.897732680219308896e-02 9.998165856283154351e-01 1.805967630734418794e+00
4.540925016031916450e-01 8.907710922044016488e-01 1.807930689420979287e-02 -7.381264016038571185e+01 -8.909508089090011351e-01 4.540558582639852570e-01 6.319315313598181973e-03 1.490748721334111906e+02 -2.579951805397557273e-03 -1.897732680219308896e-02 9.998165856283154351e-01 1.805967630734418794e+00
4.540925016031916450e-01 8.907710922044016488e-01 1.807930689420979287e-02 -7.381264016038571185e+01 -8.909508089090011351e-01 4.540558582639852570e-01 6.319315313598181973e-03 1.490748721334111906e+02 -2.579951805397557273e-03 -1.897732680219308896e-02 9.998165856283154351e-01 1.805967630734418794e+00
4.540925016031916450e-01 8.907710922044016488e-01 1.807930689420979287e-02 -7.381264016038571185e+01 -8.909508089090011351e-01 4.540558582639852570e-01 6.319315313598181973e-03 1.490748721334111906e+02 -2.579951805397557273e-03 -1.897732680219308896e-02 9.998165856283154351e-01 1.805967630734418794e+00
4.540925016031916450e-01 8.907710922044016488e-01 1.807930689420979287e-02 -7.381264016038571185e+01 -8.909508089090011351e-01 4.540558582639852570e-01 6.319315313598181973e-03 1.490748721334111906e+02 -2.579951805397557273e-03 -1.897732680219308896e-02 9.998165856283154351e-01 1.805967630734418794e+00
4.540925016031916450e-01 8.907710922044016488e-01 1.807930689420979287e-02 -7.381264016038571185e+01 -8.909508089090011351e-01 4.540558582639852570e-01 6.319315313598181973e-03 1.490748721334111906e+02 -2.579951805397557273e-03 -1.897732680219308896e-02 9.998165856283154351e-01 1.805967630734418794e+00
4.540925016031916450e-01 8.907710922044016488e-01 1.807930689420979287e-02 -7.381264016038571185e+01 -8.909508089090011351e-01 4.540558582639852570e-01 6.319315313598181973e-03 1.490748721334111906e+02 -2.579951805397557273e-03 -1.897732680219308896e-02 9.998165856283154351e-01 1.805967630734418794e+00
4.540925016031916450e-01 8.907710922044016488e-01 1.807930689420979287e-02 -7.381264016038571185e+01 -8.909508089090011351e-01 4.540558582639852570e-01 6.319315313598181973e-03 1.490748721334111906e+02 -2.579951805397557273e-03 -1.897732680219308896e-02 9.998165856283154351e-01 1.805967630734418794e+00
4.540925016031916450e-01 8.907710922044016488e-01 1.807930689420979287e-02 -7.381264016038571185e+01 -8.909508089090011351e-01 4.540558582639852570e-01 6.319315313598181973e-03 1.490748721334111906e+02 -2.579951805397557273e-03 -1.897732680219308896e-02 9.998165856283154351e-01 1.805967630734418794e+00
4.540925016031916450e-01 8.907710922044016488e-01 1.807930689420979287e-02 -7.381264016038571185e+01 -8.909508089090011351e-01 4.540558582639852570e-01 6.319315313598181973e-03 1.490748721334111906e+02 -2.579951805397557273e-03 -1.897732680219308896e-02 9.998165856283154351e-01 1.805967630734418794e+00
4.540925016031916450e-01 8.907710922044016488e-01 1.807930689420979287e-02 -7.381264016038571185e+01 -8.909508089090011351e-01 4.540558582639852570e-01 6.319315313598181973e-03 1.490748721334111906e+02 -2.579951805397557273e-03 -1.897732680219308896e-02 9.998165856283154351e-01 1.805967630734418794e+00
4.540925016031916450e-01 8.907710922044016488e-01 1.807930689420979287e-02 -7.381264016038571185e+01 -8.909508089090011351e-01 4.540558582639852570e-01 6.319315313598181973e-03 1.490748721334111906e+02 -2.579951805397557273e-03 -1.897732680219308896e-02 9.998165856283154351e-01 1.805967630734418794e+00
4.540925016031916450e-01 8.907710922044016488e-01 1.807930689420979287e-02 -7.381264016038571185e+01 -8.909508089090011351e-01 4.540558582639852570e-01 6.319315313598181973e-03 1.490748721334111906e+02 -2.579951805397557273e-03 -1.897732680219308896e-02 9.998165856283154351e-01 1.805967630734418794e+00
4.540925016031916450e-01 8.907710922044016488e-01 1.807930689420979287e-02 -7.381264016038571185e+01 -8.909508089090011351e-01 4.540558582639852570e-01 6.319315313598181973e-03 1.490748721334111906e+02 -2.579951805397557273e-03 -1.897732680219308896e-02 9.998165856283154351e-01 1.805967630734418794e+00
4.540925016031916450e-01 8.907710922044016488e-01 1.807930689420979287e-02 -7.381264016038571185e+01 -8.909508089090011351e-01 4.540558582639852570e-01 6.319315313598181973e-03 1.490748721334111906e+02 -2.579951805397557273e-03 -1.897732680219308896e-02 9.998165856283154351e-01 1.805967630734418794e+00
4.540925016031916450e-01 8.907710922044016488e-01 1.807930689420979287e-02 -7.381264016038571185e+01 -8.909508089090011351e-01 4.540558582639852570e-01 6.319315313598181973e-03 1.490748721334111906e+02 -2.579951805397557273e-03 -1.897732680219308896e-02 9.998165856283154351e-01 1.805967630734418794e+00
4.540925016031916450e-01 8.907710922044016488e-01 1.807930689420979287e-02 -7.381264016038571185e+01 -8.909508089090011351e-01 4.540558582639852570e-01 6.319315313598181973e-03 1.490748721334111906e+02 -2.579951805397557273e-03 -1.897732680219308896e-02 9.998165856283154351e-01 1.805967630734418794e+00
4.540925016031916450e-01 8.907710922044016488e-01 1.807930689420979287e-02 -7.381264016038571185e+01 -8.909508089090011351e-01 4.540558582639852570e-01 6.319315313598181973e-03 1.490748721334111906e+02 -2.579951805397557273e-03 -1.897732680219308896e-02 9.998165856283154351e-01 1.805967630734418794e+00
4.540925016031916450e-01 8.907710922044016488e-01 1.807930689420979287e-02 -7.381264016038571185e+01 -8.909508089090011351e-01 4.540558582639852570e-01 6.319315313598181973e-03 1.490748721334111906e+02 -2.579951805397557273e-03 -1.897732680219308896e-02 9.998165856283154351e-01 1.805967630734418794e+00
4.540925016031916450e-01 8.907710922044016488e-01 1.807930689420979287e-02 -7.381264016038571185e+01 -8.909508089090011351e-01 4.540558582639852570e-01 6.319315313598181973e-03 1.490748721334111906e+02 -2.579951805397557273e-03 -1.897732680219308896e-02 9.998165856283154351e-01 1.805967630734418794e+00
4.540925016031916450e-01 8.907710922044016488e-01 1.807930689420979287e-02 -7.381264016038571185e+01 -8.909508089090011351e-01 4.540558582639852570e-01 6.319315313598181973e-03 1.490748721334111906e+02 -2.579951805397557273e-03 -1.897732680219308896e-02 9.998165856283154351e-01 1.805967630734418794e+00
4.540925016031916450e-01 8.907710922044016488e-01 1.807930689420979287e-02 -7.381264016038571185e+01 -8.909508089090011351e-01 4.540558582639852570e-01 6.319315313598181973e-03 1.490748721334111906e+02 -2.579951805397557273e-03 -1.897732680219308896e-02 9.998165856283154351e-01 1.805967630734418794e+00
4.540925016031916450e-01 8.907710922044016488e-01 1.807930689420979287e-02 -7.381264016038571185e+01 -8.909508089090011351e-01 4.540558582639852570e-01 6.319315313598181973e-03 1.490748721334111906e+02 -2.579951805397557273e-03 -1.897732680219308896e-02 9.998165856283154351e-01 1.805967630734418794e+00
4.540925016031916450e-01 8.907710922044016488e-01 1.807930689420979287e-02 -7.381264016038571185e+01 -8.909508089090011351e-01 4.540558582639852570e-01 6.319315313598181973e-03 1.490748721334111906e+02 -2.579951805397557273e-03 -1.897732680219308896e-02 9.998165856283154351e-01 1.805967630734418794e+00
4.540925016031916450e-01 8.907710922044016488e-01 1.807930689420979287e-02 -7.381264016038571185e+01 -8.909508089090011351e-01 4.540558582639852570e-01 6.319315313598181973e-03 1.490748721334111906e+02 -2.579951805397557273e-03 -1.897732680219308896e-02 9.998165856283154351e-01 1.805967630734418794e+00
4.540925016031916450e-01 8.907710922044016488e-01 1.807930689420979287e-02 -7.381264016038571185e+01 -8.909508089090011351e-01 4.540558582639852570e-01 6.319315313598181973e-03 1.490748721334111906e+02 -2.579951805397557273e-03 -1.897732680219308896e-02 9.998165856283154351e-01 1.805967630734418794e+00
4.540925016031916450e-01 8.907710922044016488e-01 1.807930689420979287e-02 -7.381264016038571185e+01 -8.909508089090011351e-01 4.540558582639852570e-01 6.319315313598181973e-03 1.490748721334111906e+02 -2.579951805397557273e-03 -1.897732680219308896e-02 9.998165856283154351e-01 1.805967630734418794e+00
4.540925016031916450e-01 8.907710922044016488e-01 1.807930689420979287e-02 -7.381264016038571185e+01 -8.909508089090011351e-01 4.540558582639852570e-01 6.319315313598181973e-03 1.490748721334111906e+02 -2.579951805397557273e-03 -1.897732680219308896e-02 9.998165856283154351e-01 1.805967630734418794e+00
4.540925016031916450e-01 8.907710922044016488e-01 1.807930689420979287e-02 -7.381264016038571185e+01 -8.909508089090011351e-01 4.540558582639852570e-01 6.319315313598181973e-03 1.490748721334111906e+02 -2.579951805397557273e-03 -1.897732680219308896e-02 9.998165856283154351e-01 1.805967630734418794e+00
4.540925016031916450e-01 8.907710922044016488e-01 1.807930689420979287e-02 -7.381264016038571185e+01 -8.909508089090011351e-01 4.540558582639852570e-01 6.319315313598181973e-03 1.490748721334111906e+02 -2.579951805397557273e-03 -1.897732680219308896e-02 9.998165856283154351e-01 1.805967630734418794e+00
4.540925016031916450e-01 8.907710922044016488e-01 1.807930689420979287e-02 -7.381264016038571185e+01 -8.909508089090011351e-01 4.540558582639852570e-01 6.319315313598181973e-03 1.490748721334111906e+02 -2.579951805397557273e-03 -1.897732680219308896e-02 9.998165856283154351e-01 1.805967630734418794e+00
4.540925016031916450e-01 8.907710922044016488e-01 1.807930689420979287e-02 -7.381264016038571185e+01 -8.909508089090011351e-01 4.540558582639852570e-01 6.319315313598181973e-03 1.490748721334111906e+02 -2.579951805397557273e-03 -1.897732680219308896e-02 9.998165856283154351e-01 1.805967630734418794e+00
4.540925016031916450e-01 8.907710922044016488e-01 1.807930689420979287e-02 -7.381264016038571185e+01 -8.909508089090011351e-01 4.540558582639852570e-01 6.319315313598181973e-03 1.490748721334111906e+02 -2.579951805397557273e-03 -1.897732680219308896e-02 9.998165856283154351e-01 1.805967630734418794e+00
4.540925016031916450e-01 8.907710922044016488e-01 1.807930689420979287e-02 -7.381264016038571185e+01 -8.909508089090011351e-01 4.540558582639852570e-01 6.319315313598181973e-03 1.490748721334111906e+02 -2.579951805397557273e-03 -1.897732680219308896e-02 9.998165856283154351e-01 1.805967630734418794e+00
4.540925016031916450e-01 8.907710922044016488e-01 1.807930689420979287e-02 -7.381264016038571185e+01 -8.909508089090011351e-01 4.540558582639852570e-01 6.319315313598181973e-03 1.490748721334111906e+02 -2.579951805397557273e-03 -1.897732680219308896e-02 9.998165856283154351e-01 1.805967630734418794e+00
4.540925016031916450e-01 8.907710922044016488e-01 1.807930689420979287e-02 -7.381264016038571185e+01 -8.909508089090011351e-01 4.540558582639852570e-01 6.319315313598181973e-03 1.490748721334111906e+02 -2.579951805397557273e-03 -1.897732680219308896e-02 9.998165856283154351e-01 1.805967630734418794e+00
4.540925016031916450e-01 8.907710922044016488e-01 1.807930689420979287e-02 -7.381264016038571185e+01 -8.909508089090011351e-01 4.540558582639852570e-01 6.319315313598181973e-03 1.490748721334111906e+02 -2.579951805397557273e-03 -1.897732680219308896e-02 9.998165856283154351e-01 1.805967630734418794e+00
4.540925016031916450e-01 8.907710922044016488e-01 1.807930689420979287e-02 -7.381264016038571185e+01 -8.909508089090011351e-01 4.540558582639852570e-01 6.319315313598181973e-03 1.490748721334111906e+02 -2.579951805397557273e-03 -1.897732680219308896e-02 9.998165856283154351e-01 1.805967630734418794e+00
4.540925016031916450e-01 8.907710922044016488e-01 1.807930689420979287e-02 -7.381264016038571185e+01 -8.909508089090011351e-01 4.540558582639852570e-01 6.319315313598181973e-03 1.490748721334111906e+02 -2.579951805397557273e-03 -1.897732680219308896e-02 9.998165856283154351e-01 1.805967630734418794e+00
4.540925016031916450e-01 8.907710922044016488e-01 1.807930689420979287e-02 -7.381264016038571185e+01 -8.909508089090011351e-01 4.540558582639852570e-01 6.319315313598181973e-03 1.490748721334111906e+02 -2.579951805397557273e-03 -1.897732680219308896e-02 9.998165856283154351e-01 1.805967630734418794e+00
4.540925016031916450e-01 8.907710922044016488e-01 1.807930689420979287e-02 -7.381264016038571185e+01 -8.909508089090011351e-01 4.540558582639852570e-01 6.319315313598181973e-03 1.490748721334111906e+02 -2.579951805397557273e-03 -1.897732680219308896e-02 9.998165856283154351e-01 1.805967630734418794e+00
4.540925016031916450e-01 8.907710922044016488e-01 1.807930689420979287e-02 -7.381264016038571185e+01 -8.909508089090011351e-01 4.540558582639852570e-01 6.319315313598181973e-03 1.490748721334111906e+02 -2.579951805397557273e-03 -1.897732680219308896e-02 9.998165856283154351e-01 1.805967630734418794e+00
4.540925016031916450e-01 8.907710922044016488e-01 1.807930689420979287e-02 -7.381264016038571185e+01 -8.909508089090011351e-01 4.540558582639852570e-01 6.319315313598181973e-03 1.490748721334111906e+02 -2.579951805397557273e-03 -1.897732680219308896e-02 9.998165856283154351e-01 1.805967630734418794e+00
4.540925016031916450e-01 8.907710922044016488e-01 1.807930689420979287e-02 -7.381264016038571185e+01 -8.909508089090011351e-01 4.540558582639852570e-01 6.319315313598181973e-03 1.490748721334111906e+02 -2.579951805397557273e-03 -1.897732680219308896e-02 9.998165856283154351e-01 1.805967630734418794e+00
4.540925016031916450e-01 8.907710922044016488e-01 1.807930689420979287e-02 -7.381264016038571185e+01 -8.909508089090011351e-01 4.540558582639852570e-01 6.319315313598181973e-03 1.490748721334111906e+02 -2.579951805397557273e-03 -1.897732680219308896e-02 9.998165856283154351e-01 1.805967630734418794e+00
4.540925016031916450e-01 8.907710922044016488e-01 1.807930689420979287e-02 -7.381264016038571185e+01 -8.909508089090011351e-01 4.540558582639852570e-01 6.319315313598181973e-03 1.490748721334111906e+02 -2.579951805397557273e-03 -1.897732680219308896e-02 9.998165856283154351e-01 1.805967630734418794e+00
4.540925016031916450e-01 8.907710922044016488e-01 1.807930689420979287e-02 -7.381264016038571185e+01 -8.909508089090011351e-01 4.540558582639852570e-01 6.319315313598181973e-03 1.490748721334111906e+02 -2.579951805397557273e-03 -1.897732680219308896e-02 9.998165856283154351e-01 1.805967630734418794e+00
4.540925016031916450e-01 8.907710922044016488e-01 1.807930689420979287e-02 -7.381264016038571185e+01 -8.909508089090011351e-01 4.540558582639852570e-01 6.319315313598181973e-03 1.490748721334111906e+02 -2.579951805397557273e-03 -1.897732680219308896e-02 9.998165856283154351e-01 1.805967630734418794e+00
4.540925016031916450e-01 8.907710922044016488e-01 1.807930689420979287e-02 -7.381264016038571185e+01 -8.909508089090011351e-01 4.540558582639852570e-01 6.319315313598181973e-03 1.490748721334111906e+02 -2.579951805397557273e-03 -1.897732680219308896e-02 9.998165856283154351e-01 1.805967630734418794e+00
4.540925016031916450e-01 8.907710922044016488e-01 1.807930689420979287e-02 -7.381264016038571185e+01 -8.909508089090011351e-01 4.540558582639852570e-01 6.319315313598181973e-03 1.490748721334111906e+02 -2.579951805397557273e-03 -1.897732680219308896e-02 9.998165856283154351e-01 1.805967630734418794e+00
4.540925016031916450e-01 8.907710922044016488e-01 1.807930689420979287e-02 -7.381264016038571185e+01 -8.909508089090011351e-01 4.540558582639852570e-01 6.319315313598181973e-03 1.490748721334111906e+02 -2.579951805397557273e-03 -1.897732680219308896e-02 9.998165856283154351e-01 1.805967630734418794e+00
4.540925016031916450e-01 8.907710922044016488e-01 1.807930689420979287e-02 -7.381264016038571185e+01 -8.909508089090011351e-01 4.540558582639852570e-01 6.319315313598181973e-03 1.490748721334111906e+02 -2.579951805397557273e-03 -1.897732680219308896e-02 9.998165856283154351e-01 1.805967630734418794e+00
4.540925016031916450e-01 8.907710922044016488e-01 1.807930689420979287e-02 -7.381264016038571185e+01 -8.909508089090011351e-01 4.540558582639852570e-01 6.319315313598181973e-03 1.490748721334111906e+02 -2.579951805397557273e-03 -1.897732680219308896e-02 9.998165856283154351e-01 1.805967630734418794e+00
4.540925016031916450e-01 8.907710922044016488e-01 1.807930689420979287e-02 -7.381264016038571185e+01 -8.909508089090011351e-01 4.540558582639852570e-01 6.319315313598181973e-03 1.490748721334111906e+02 -2.579951805397557273e-03 -1.897732680219308896e-02 9.998165856283154351e-01 1.805967630734418794e+00
4.540925016031916450e-01 8.907710922044016488e-01 1.807930689420979287e-02 -7.381264016038571185e+01 -8.909508089090011351e-01 4.540558582639852570e-01 6.319315313598181973e-03 1.490748721334111906e+02 -2.579951805397557273e-03 -1.897732680219308896e-02 9.998165856283154351e-01 1.805967630734418794e+00
4.540925016031916450e-01 8.907710922044016488e-01 1.807930689420979287e-02 -7.381264016038571185e+01 -8.909508089090011351e-01 4.540558582639852570e-01 6.319315313598181973e-03 1.490748721334111906e+02 -2.579951805397557273e-03 -1.897732680219308896e-02 9.998165856283154351e-01 1.805967630734418794e+00
4.540925016031916450e-01 8.907710922044016488e-01 1.807930689420979287e-02 -7.381264016038571185e+01 -8.909508089090011351e-01 4.540558582639852570e-01 6.319315313598181973e-03 1.490748721334111906e+02 -2.579951805397557273e-03 -1.897732680219308896e-02 9.998165856283154351e-01 1.805967630734418794e+00
4.540925016031916450e-01 8.907710922044016488e-01 1.807930689420979287e-02 -7.381264016038571185e+01 -8.909508089090011351e-01 4.540558582639852570e-01 6.319315313598181973e-03 1.490748721334111906e+02 -2.579951805397557273e-03 -1.897732680219308896e-02 9.998165856283154351e-01 1.805967630734418794e+00
4.540925016031916450e-01 8.907710922044016488e-01 1.807930689420979287e-02 -7.381264016038571185e+01 -8.909508089090011351e-01 4.540558582639852570e-01 6.319315313598181973e-03 1.490748721334111906e+02 -2.579951805397557273e-03 -1.897732680219308896e-02 9.998165856283154351e-01 1.805967630734418794e+00
4.540925016031916450e-01 8.907710922044016488e-01 1.807930689420979287e-02 -7.381264016038571185e+01 -8.909508089090011351e-01 4.540558582639852570e-01 6.319315313598181973e-03 1.490748721334111906e+02 -2.579951805397557273e-03 -1.897732680219308896e-02 9.998165856283154351e-01 1.805967630734418794e+00
4.540925016031916450e-01 8.907710922044016488e-01 1.807930689420979287e-02 -7.381264016038571185e+01 -8.909508089090011351e-01 4.540558582639852570e-01 6.319315313598181973e-03 1.490748721334111906e+02 -2.579951805397557273e-03 -1.897732680219308896e-02 9.998165856283154351e-01 1.805967630734418794e+00
4.540925016031916450e-01 8.907710922044016488e-01 1.807930689420979287e-02 -7.381264016038571185e+01 -8.909508089090011351e-01 4.540558582639852570e-01 6.319315313598181973e-03 1.490748721334111906e+02 -2.579951805397557273e-03 -1.897732680219308896e-02 9.998165856283154351e-01 1.805967630734418794e+00
4.540925016031916450e-01 8.907710922044016488e-01 1.807930689420979287e-02 -7.381264016038571185e+01 -8.909508089090011351e-01 4.540558582639852570e-01 6.319315313598181973e-03 1.490748721334111906e+02 -2.579951805397557273e-03 -1.897732680219308896e-02 9.998165856283154351e-01 1.805967630734418794e+00
4.540925016031916450e-01 8.907710922044016488e-01 1.807930689420979287e-02 -7.381264016038571185e+01 -8.909508089090011351e-01 4.540558582639852570e-01 6.319315313598181973e-03 1.490748721334111906e+02 -2.579951805397557273e-03 -1.897732680219308896e-02 9.998165856283154351e-01 1.805967630734418794e+00
4.540925016031916450e-01 8.907710922044016488e-01 1.807930689420979287e-02 -7.381264016038571185e+01 -8.909508089090011351e-01 4.540558582639852570e-01 6.319315313598181973e-03 1.490748721334111906e+02 -2.579951805397557273e-03 -1.897732680219308896e-02 9.998165856283154351e-01 1.805967630734418794e+00
4.540925016031916450e-01 8.907710922044016488e-01 1.807930689420979287e-02 -7.381264016038571185e+01 -8.909508089090011351e-01 4.540558582639852570e-01 6.319315313598181973e-03 1.490748721334111906e+02 -2.579951805397557273e-03 -1.897732680219308896e-02 9.998165856283154351e-01 1.805967630734418794e+00
4.540925016031916450e-01 8.907710922044016488e-01 1.807930689420979287e-02 -7.381264016038571185e+01 -8.909508089090011351e-01 4.540558582639852570e-01 6.319315313598181973e-03 1.490748721334111906e+02 -2.579951805397557273e-03 -1.897732680219308896e-02 9.998165856283154351e-01 1.805967630734418794e+00
4.540925016031916450e-01 8.907710922044016488e-01 1.807930689420979287e-02 -7.381264016038571185e+01 -8.909508089090011351e-01 4.540558582639852570e-01 6.319315313598181973e-03 1.490748721334111906e+02 -2.579951805397557273e-03 -1.897732680219308896e-02 9.998165856283154351e-01 1.805967630734418794e+00
4.540925016031916450e-01 8.907710922044016488e-01 1.807930689420979287e-02 -7.381264016038571185e+01 -8.909508089090011351e-01 4.540558582639852570e-01 6.319315313598181973e-03 1.490748721334111906e+02 -2.579951805397557273e-03 -1.897732680219308896e-02 9.998165856283154351e-01 1.805967630734418794e+00
4.540925016031916450e-01 8.907710922044016488e-01 1.807930689420979287e-02 -7.381264016038571185e+01 -8.909508089090011351e-01 4.540558582639852570e-01 6.319315313598181973e-03 1.490748721334111906e+02 -2.579951805397557273e-03 -1.897732680219308896e-02 9.998165856283154351e-01 1.805967630734418794e+00
4.540925016031916450e-01 8.907710922044016488e-01 1.807930689420979287e-02 -7.381264016038571185e+01 -8.909508089090011351e-01 4.540558582639852570e-01 6.319315313598181973e-03 1.490748721334111906e+02 -2.579951805397557273e-03 -1.897732680219308896e-02 9.998165856283154351e-01 1.805967630734418794e+00
4.540925016031916450e-01 8.907710922044016488e-01 1.807930689420979287e-02 -7.381264016038571185e+01 -8.909508089090011351e-01 4.540558582639852570e-01 6.319315313598181973e-03 1.490748721334111906e+02 -2.579951805397557273e-03 -1.897732680219308896e-02 9.998165856283154351e-01 1.805967630734418794e+00
4.540486051042844640e-01 8.907937509175603008e-01 1.806536773482113681e-02 -7.382869025294310461e+01 -8.909732732172442882e-01 4.540113841675421646e-01 6.347392232597707899e-03 1.491059605980606193e+02 -2.547665274868863954e-03 -1.897778441174106240e-02 9.998166597981660297e-01 1.806096373499574748e+00
4.520688984228005691e-01 8.918024502407451148e-01 1.794717497858695776e-02 -7.398801838762931027e+01 -8.919800298582976072e-01 4.520279806324701832e-01 6.506247941926890377e-03 1.494199411841684082e+02 -2.310337407186214415e-03 -1.894979400606695147e-02 9.998177672919593695e-01 1.807509442889752460e+00
4.501563471508525649e-01 8.927870801359588659e-01 1.704385790597479772e-02 -7.415267814824342452e+01 -8.929483103259625576e-01 4.501079364016932205e-01 6.794196995135963826e-03 1.497440898692172482e+02 -1.605804412051458881e-03 -1.827773501254701186e-02 9.998316589079214722e-01 1.807926041863438194e+00
4.481747366043439817e-01 8.938080617773476177e-01 1.570206115831667554e-02 -7.432111112959962895e+01 -8.939458728424132250e-01 4.481139377617734953e-01 7.394309226104136233e-03 1.500758510003600179e+02 -4.272192562004930617e-04 -1.735073534693716210e-02 9.998493736610596372e-01 1.807144249118454171e+00
4.463798499044124291e-01 8.947223467918248296e-01 1.472930734456869700e-02 -7.447469751549688510e+01 -8.948432869046849536e-01 4.463325227147818541e-01 6.540016115397874474e-03 1.503788190449683668e+02 -7.226703379684229055e-04 -1.609975320492201822e-02 9.998701297307058811e-01 1.808561069611282379e+00
4.443374380062442008e-01 8.957537290124026885e-01 1.376586548040877218e-02 -7.464794394435199365e+01 -8.958594186127255554e-01 4.442914549231999355e-01 6.403613792277937540e-03 1.507252821225662274e+02 -3.799954655322331475e-04 -1.517764557928405131e-02 9.998847411155661336e-01 1.808934256611089975e+00
4.424696453426354981e-01 8.966853150075205781e-01 1.326875088473739549e-02 -7.482334750340154983e+01 -8.967832789332432775e-01 4.424111461150508351e-01 7.220076162727011304e-03 1.510793093442100599e+02 6.038929822457572488e-04 -1.509385845886840154e-02 9.998858993209579493e-01 1.807859928648094971e+00
4.406541485655809387e-01 8.975682603995930320e-01 1.396926626779874947e-02 -7.499947937583981172e+01 -8.976765704837831317e-01 4.405861218240421096e-01 7.787506164740313867e-03 1.514418356523860894e+02 8.351535104338957171e-04 -1.597147992444740427e-02 9.998720995635733688e-01 1.807741998141194184e+00
4.387284997089246352e-01 8.984980578217541813e-01 1.478325874233467167e-02 -7.517791820699316929e+01 -8.986185925170495636e-01 4.386431691693038482e-01 8.763373157431447735e-03 1.518121808107684956e+02 1.389298295341537866e-03 -1.712925270588086524e-02 9.998523189857630999e-01 1.806824865662374435e+00
4.368691098140241036e-01 8.994059129148493925e-01 1.464192594208374443e-02 -7.536119427291795603e+01 -8.995233228586489993e-01 4.367781346702689915e-01 9.091439913378721385e-03 1.521892941949315627e+02 1.781621715751146445e-03 -1.714252311826825609e-02 9.998514694631249755e-01 1.805961627898702737e+00
4.351119869603498613e-01 9.002631634687222606e-01 1.427573722561995169e-02 -7.552855098751207663e+01 -9.003750205631847470e-01 4.350294701253801799e-01 8.613015105888062115e-03 1.525338630132903859e+02 1.543613826712395476e-03 -1.660114329736100611e-02 9.998610006720326515e-01 1.806126838890463659e+00
4.330835947100865613e-01 9.012612894817345621e-01 1.291082603290364880e-02 -7.571914620567501686e+01 -9.013491525181254183e-01 4.329911479934103746e-01 9.400673897900313145e-03 1.529279221858429878e+02 2.882190091621800610e-03 -1.570843973543894351e-02 9.998724615227402301e-01 1.803353027461969571e+00
4.314849057763481821e-01 9.020370200456752086e-01 1.224711902827261417e-02 -7.591151076915556928e+01 -9.021078569361247190e-01 4.313683648914066193e-01 1.107925734464965291e-02 1.533302266400300482e+02 4.710880562034301666e-03 -1.582875459576611049e-02 9.998636204077300249e-01 1.798880619734475994e+00
4.304615622872961511e-01 9.025176620233248403e-01 1.283411348118907065e-02 -7.610580202674832151e+01 -9.025960298739179599e-01 4.303359410158024700e-01 1.146239211050755456e-02 1.537377386656494878e+02 4.822031026411211820e-03 -1.651813907113766980e-02 9.998519392929151595e-01 1.796693996788267800e+00
4.294400621281151964e-01 9.029941211740327711e-01 1.352226082105913336e-02 -7.630231392244331801e+01 -9.030828628597312724e-01 4.293071951533868336e-01 1.169088100695972812e-02 1.541509693602633604e+02 4.751592951202593916e-03 -1.723225465602688800e-02 9.998402237704689943e-01 1.794743240352320690e+00
4.283595881223406510e-01 9.034988132587179477e-01 1.406979480286494992e-02 -7.648147876055570293e+01 -9.035974156852736305e-01 4.282258426305126098e-01 1.159050537008209439e-02 1.545296532176846256e+02 4.446958107026387740e-03 -1.767833430220651716e-02 9.998338373539603641e-01 1.793456785509797813e+00
4.271033504703615757e-01 9.040941194959685179e-01 1.401971844621383197e-02 -7.668332154478643758e+01 -9.041913601893603047e-01 4.269685542658211985e-01 1.165501795457908607e-02 1.549557680104842063e+02 4.551254278339251190e-03 -1.765440549146003041e-02 9.998337908582902722e-01 1.791259133745368048e+00
4.263720358226198992e-01 9.044422816222784656e-01 1.382199700939873606e-02 -7.689042814173319584e+01 -9.045263078871692564e-01 4.262065212698558092e-01 1.342241507082243997e-02 1.553935200476456657e+02 6.248774444296398625e-03 -1.822530233727713556e-02 9.998143789428877160e-01 1.785723323761963410e+00
4.261144704945564743e-01 9.045521116623127522e-01 1.455804298911145961e-02 -7.709985962310665286e+01 -9.046481937710050270e-01 4.259395724804527772e-01 1.367946200854689050e-02 1.558371887184782736e+02 6.172939634443702119e-03 -1.899892398685590691e-02 9.998004485960417798e-01 1.782667610349326193e+00
4.259538231823270515e-01 9.046174186398548978e-01 1.518775076399151401e-02 -7.731294868174100543e+01 -9.047140945849401206e-01 4.257407639986440229e-01 1.540164425050352497e-02 1.562904068435709064e+02 7.466551044162144518e-03 -2.030096139862589549e-02 9.997660340418588198e-01 1.776853348656045384e+00
4.263901459549339634e-01 9.044144116593193505e-01 1.503381081288388509e-02 -7.751037236536755870e+01 -9.045104041741804934e-01 4.261846310261168114e-01 1.508605431232510827e-02 1.566994950561672511e+02 7.236865826182510737e-03 -2.003078319344486768e-02 9.997731720676800160e-01 1.773979069414209242e+00
4.268340114297656251e-01 9.042046777217381814e-01 1.505415090301316303e-02 -7.773329445675206273e+01 -9.043008569427819499e-01 4.266275044789489268e-01 1.513052047655252981e-02 1.571622230658547892e+02 7.258572562522022480e-03 -2.007170231910056224e-02 9.997721940527535267e-01 1.770549537364598081e+00
4.271806914742211081e-01 9.040362135044337499e-01 1.533563609225544432e-02 -7.795917917237404993e+01 -9.041438846240137384e-01 4.269892938345199451e-01 1.428212244700320308e-02 1.576314284389906959e+02 6.363403471899044261e-03 -1.996666853640378589e-02 9.997803954823406558e-01 1.768713798481020616e+00
4.274394201703803353e-01 9.039088596904111261e-01 1.563059946923455942e-02 -7.818808921402559520e+01 -9.040278935244563385e-01 4.272647314581785039e-01 1.335728816358775287e-02 1.581065647585377008e+02 5.395367226002278395e-03 -1.983992941597951046e-02 9.997886112925133961e-01 1.767423753118863683e+00
4.277199989078315223e-01 9.037616256653482338e-01 1.644769649532569142e-02 -7.841989442453441939e+01 -9.039034947480139026e-01 4.275699779018916069e-01 1.193257655216097522e-02 1.585877849538660200e+02 3.751663555665874124e-03 -1.997093197506366255e-02 9.997935221147437046e-01 1.767846377126063517e+00
4.279884670448634298e-01 9.036214626331624533e-01 1.715006314566290546e-02 -7.865458596966693960e+01 -9.037773056993203546e-01 4.278340464933267917e-01 1.202541741200006779e-02 1.590777403568817476e+02 3.529044359710055857e-03 -2.064657782926021881e-02 9.997806083283365952e-01 1.766420416049698572e+00
4.283687768795270134e-01 9.034366630547870924e-01 1.738927998950029821e-02 -7.886990446253548726e+01 -9.035941438575053608e-01 4.281948851594116201e-01 1.291370539126447843e-02 1.595270352662928985e+02 4.220714159154963056e-03 -2.124467974519711130e-02 9.997653970937957491e-01 1.763443220190089589e+00
4.288388436950537064e-01 9.032144880011815369e-01 1.734459515853232700e-02 -7.911278869626977439e+01 -9.033632917614388136e-01 4.286311432457207138e-01 1.449505383861331327e-02 1.600315004909828076e+02 5.657708984180931204e-03 -2.188451270506838742e-02 9.997444966346019646e-01 1.758267356190687414e+00
4.290372986636170616e-01 9.031284368109580019e-01 1.691222235782118694e-02 -7.935900817391207340e+01 -9.032664104530243598e-01 4.288267018976695821e-01 1.474624741457224684e-02 1.605407908633169143e+02 6.065342841965810049e-03 -2.160293254104124830e-02 9.997482307775178434e-01 1.754230245160278701e+00
4.294641922641981302e-01 9.029429857334244636e-01 1.595219063668942144e-02 -7.961057033997870747e+01 -9.030559197019173423e-01 4.292448703183854852e-01 1.545469618686845688e-02 1.610587152754355600e+02 7.107313516935331865e-03 -2.104295880290162415e-02 9.997533095559250071e-01 1.748697735023550193e+00
4.299285206330172859e-01 9.027190918082350635e-01 1.611547538867817708e-02 -7.986466949183596853e+01 -9.028340138818669036e-01 4.297034121236931181e-01 1.567549049846155007e-02 1.615847406133994184e+02 7.225689785256642246e-03 -2.128893976983790154e-02 9.997472533050594246e-01 1.744186238107217291e+00
4.301180491445533161e-01 9.026197772146955511e-01 1.661330159439139073e-02 -8.009639518086247278e+01 -9.027527935717996055e-01 4.299136871187531628e-01 1.454700998671381099e-02 1.620625679543250044e+02 5.988133170275745411e-03 -2.125463597981472677e-02 9.997561616653568572e-01 1.742789325504443987e+00
4.303324109231620453e-01 9.024991019285582006e-01 1.758941327742001223e-02 -8.035590027178618300e+01 -9.026609803537201104e-01 4.301567181457355837e-01 1.297508356325359491e-02 1.625985773211837113e+02 4.143796974298211491e-03 -2.146087601334132830e-02 9.997611014683919217e-01 1.742932329018956894e+00
4.306049113661387651e-01 9.023553808637172491e-01 1.828051832508010080e-02 -8.062031905217722283e+01 -9.025384443974734383e-01 4.304720221772399547e-01 1.087175410450897696e-02 1.631415761069856387e+02 1.940934120618080039e-03 -2.118030127971559998e-02 9.997737884445339063e-01 1.744783101420640081e+00
4.303798815407717249e-01 9.023159112581518038e-01 2.447762864580853293e-02 -8.087815209974020547e+01 -9.025901332950883038e-01 4.305007766540207559e-01 3.649852468204865916e-04 1.636787030463528367e+02 -1.020830614110402983e-02 -2.225034839747115287e-02 9.997003115988440936e-01 1.767063390758022212e+00
4.298390446137499432e-01 9.022215590798455809e-01 3.513765128883098582e-02 -8.113139334484525023e+01 -9.024541364906695229e-01 4.305291072748803072e-01 -1.487346269408026424e-02 1.642159708888783314e+02 -2.854694032770674350e-02 -2.531692375136560327e-02 9.992717979301571907e-01 1.809282238397966536e+00
4.287484195149937616e-01 9.023157494525183564e-01 4.473345241408425293e-02 -8.138711609187761553e+01 -9.025742421425346773e-01 4.299667725588074974e-01 -2.209779901160278948e-02 1.647731316763553764e+02 -3.917309022393714729e-02 -3.090086549646214875e-02 9.987545274375754234e-01 1.847931598822560639e+00
4.279783142075966329e-01 9.023468700854035962e-01 5.103615661760253774e-02 -8.162072882125984563e+01 -9.027952958958580520e-01 4.294728969124051998e-01 -2.266462737707055849e-02 1.652834800112023572e+02 -4.237000158943883543e-02 -3.637523308069848249e-02 9.984395955531556455e-01 1.876258825068904068e+00
4.279537157190656527e-01 9.025637003420808879e-01 4.726927765030759787e-02 -8.189438255466319561e+01 -9.032306407600274589e-01 4.289556778464309605e-01 -1.309339008366759184e-02 1.658574893814362667e+02 -3.209404363618078432e-02 -3.709169498952326338e-02 9.987963652084131949e-01 1.883438750550671781e+00
4.291973460387933370e-01 9.026952731241064676e-01 3.051037077204764650e-02 -8.220334527304000005e+01 -9.032063727358505822e-01 4.290553627480757082e-01 1.139055814978941900e-02 1.664766350855451265e+02 -2.808435197373919043e-03 -3.244595863175809419e-02 9.994695459391710335e-01 1.846681630606742619e+00
4.305429352933343723e-01 9.024084262105337428e-01 1.708254225797430081e-02 -8.251397481671573075e+01 -9.022878730020921223e-01 4.298579421610576046e-01 3.314730525860882376e-02 1.671023427595307851e+02 2.256934110649306061e-02 -2.968470881537555936e-02 9.993044795976044892e-01 1.797246189208375533e+00
4.322890279433229677e-01 9.016973393031676443e-01 8.252559152440329046e-03 -8.282279393711485227e+01 -9.007554906778262316e-01 4.313748445973689671e-01 5.054987333491477164e-02 1.677281541373318134e+02 4.202073986192472743e-02 -2.928569357014541852e-02 9.986874414484677720e-01 1.741523317554450223e+00
4.335832661668577726e-01 9.010788404798926177e-01 7.904103186534602865e-03 -8.309223540137804775e+01 -8.998432689874491519e-01 4.324898442681484600e-01 5.687377384535114572e-02 1.682840244432779855e+02 4.782930982933953495e-02 -3.177197066482077142e-02 9.983500885014359172e-01 1.703044411634109023e+00
4.346159233235943331e-01 9.005401651500296589e-01 1.167949272473814415e-02 -8.338718790299971317e+01 -8.996168649481104396e-01 4.334866451423780576e-01 5.271456400099085171e-02 1.688881435082969062e+02 4.240867804278185271e-02 -3.341765752158895597e-02 9.985413183913427471e-01 1.681119765935950028e+00
4.355182593301399341e-01 9.000533611072450979e-01 1.509282855904374963e-02 -8.369507111977830505e+01 -8.996803764497706135e-01 4.346569191918941977e-01 4.060274991574740200e-02 1.695024066006766645e+02 2.998443916517734911e-02 -3.126196063740979691e-02 9.990613713757870995e-01 1.676595610432754624e+00
4.363557848350467228e-01 8.995781055730056597e-01 1.878460797385065120e-02 -8.400824124755519051e+01 -8.997249337553187010e-01 4.360182998517244668e-01 1.957259181606810575e-02 1.701125446456115924e+02 9.416642234860342353e-03 -2.544159381722920291e-02 9.996319586246064093e-01 1.697419040873636265e+00
4.372950968506007507e-01 8.990230023871215170e-01 2.303562428097944217e-02 -8.432297648292899339e+01 -8.992864528423024639e-01 4.373510456807001012e-01 2.817645227613326756e-03 1.707325745666259706e+02 -7.541526488651063842e-03 -2.194776728149534437e-02 9.997306745339664680e-01 1.725680499528690515e+00
