4.556137783459971446e-01 8.899941656012434477e-01 1.806848574261651560e-02 -7.379499963692603615e+01 -8.901738194476215282e-01 4.555768280577739970e-01 6.350189512998408517e-03 1.490788737054948569e+02 -2.579951805397558140e-03 -1.897732680237016606e-02 9.998165856376448613e-01 0.000000000000000000e+00
9.999985453424279358e-01 1.705670844019104666e-03 -8.673604762740836636e-19 2.240893199201457811e-02 -1.705670844019104666e-03 9.999985453424279358e-01 1.479433627704557797e-21 1.867557990150078492e-02 8.673617379884035472e-19 0.000000000000000000e+00 1.000000000000000000e+00 0.000000000000000000e+00
9.999999837728300589e-01 1.801508804180722290e-04 -8.673617239135772245e-19 9.500884175255894237e-03 -1.801508804180722290e-04 9.999999837728300589e-01 1.562559807395601839e-22 -1.513572082975868718e-03 8.673617379884035472e-19 0.000000000000000000e+00 1.000000000000000000e+00 0.000000000000000000e+00
9.999967788074102248e-01 -2.538183366773575766e-03 -8.673589440492004845e-19 4.105985019383723289e-03 2.538183366773575766e-03 9.999967788074102248e-01 -2.201523136337986205e-21 1.440435711609890047e-03 8.673617379884035472e-19 0.000000000000000000e+00 1.000000000000000000e+00 0.000000000000000000e+00
9.999996999296661970e-01 -7.746874065084919389e-04 -8.673614777188773011e-19 7.610377251469934053e-03 7.746874065084919389e-04 9.999996999296661970e-01 -6.719342153069344540e-22 1.216750164929394310e-03 8.673617379884037398e-19 0.000000000000000000e+00 1.000000000000000222e+00 0.000000000000000000e+00
9.999999358933968630e-01 3.580687113872522346e-04 -8.673616823847888337e-19 3.336743273742668377e-03 -3.580687113872522346e-04 9.999999358933968630e-01 3.105750998281151624e-22 1.494079073157717104e-02 8.673617379884035472e-19 0.000000000000000000e+00 1.000000000000000000e+00 0.000000000000000000e+00
9.999900729048242232e-01 4.455793061199640401e-03 -8.673531276058787091e-19 3.130677016509013887e-03 -4.455793061199640401e-03 9.999900729048242232e-01 3.864784413678789069e-21 -8.540957393016137059e-03 8.673617379884034509e-19 0.000000000000000000e+00 9.999999999999998890e-01 0.000000000000000000e+00
9.999991610701610689e-01 1.295321957694084295e-03 -8.673610103327604016e-19 6.536185954403606405e-03 -1.295321957694084295e-03 9.999991610701610689e-01 1.123512704480082286e-21 8.644361988596168181e-03 8.673617379884035472e-19 0.000000000000000000e+00 1.000000000000000000e+00 0.000000000000000000e+00
9.999999968108963522e-01 -7.986367868924990521e-05 -8.673617352222970646e-19 2.269754623987607633e-02 7.986367868924990521e-05 9.999999968108963522e-01 -6.927069915005522432e-23 -1.454365674598653846e-02 8.673617379884035472e-19 0.000000000000000000e+00 1.000000000000000000e+00 0.000000000000000000e+00
9.999967116336127004e-01 -2.564512031759332272e-03 -8.673588857852187164e-19 -1.871838500258336075e-03 2.564512031759332272e-03 9.999967116336127004e-01 -2.224359612958946394e-21 1.532779214358568655e-02 8.673617379884034509e-19 0.000000000000000000e+00 9.999999999999998890e-01 0.000000000000000000e+00
9.999987995585301048e-01 1.549477814823006653e-03 -8.673606967714038656e-19 1.549474256969163083e-03 -1.549477814823006653e-03 9.999987995585301048e-01 1.343957770439356766e-21 3.781625196022845789e-03 8.673617379884034509e-19 0.000000000000000000e+00 9.999999999999998890e-01 0.000000000000000000e+00
9.999999627681359637e-01 -2.728804259097636505e-04 -8.673617056949092482e-19 -1.980796468223926937e-02 2.728804259097636505e-04 9.999999627681359637e-01 -2.366860404801083861e-22 -3.479121493260415969e-03 8.673617379884035472e-19 0.000000000000000000e+00 1.000000000000000000e+00 0.000000000000000000e+00
9.999997715033391854e-01 6.760127730150284307e-04 -8.673615397991426985e-19 1.230290680727720749e-02 -6.760127730150284307e-04 9.999997715033391854e-01 5.863476137046752096e-22 1.202379848784522302e-02 8.673617379884034509e-19 0.000000000000000000e+00 9.999999999999998890e-01 0.000000000000000000e+00
9.999969287711567567e-01 2.478396306871208897e-03 -8.673590741220163116e-19 -3.023027505753355607e-03 -2.478396306871208897e-03 9.999969287711567567e-01 2.149666128151852485e-21 -1.048552965066981528e-02 8.673617379884035472e-19 0.000000000000000000e+00 1.000000000000000000e+00 0.000000000000000000e+00
9.999996043852399374e-01 8.895107438526344765e-04 -8.673613948472976855e-19 -1.706270190625012659e-02 -8.895107438526344765e-04 9.999996043852399374e-01 7.715275847473786860e-22 1.950775395231900758e-02 8.673617379884035472e-19 0.000000000000000000e+00 1.000000000000000000e+00 0.000000000000000000e+00
9.999990793073118001e-01 -1.356976244724102500e-03 -8.673609394147933569e-19 -4.380743016111863890e-03 1.356976244724102500e-03 9.999990793073118001e-01 -1.176989274032874764e-21 -1.252795360049815260e-02 8.673617379884035472e-19 0.000000000000000000e+00 1.000000000000000000e+00 0.000000000000000000e+00
9.999987786970757631e-01 1.562883347182402122e-03 -8.673606786769765707e-19 -1.613897847557951501e-02 -1.562883347182402122e-03 9.999987786970757631e-01 1.355585216285261805e-21 -2.127402802138576941e-03 8.673617379884035472e-19 0.000000000000000000e+00 1.000000000000000000e+00 0.000000000000000000e+00
9.999978769812891688e-01 2.060590428569506003e-03 -8.673598965632047388e-19 3.869024978592620120e-03 -2.060590428569506003e-03 9.999978769812891688e-01 1.787277295406316041e-21 -5.108051375687620507e-03 8.673617379884035472e-19 0.000000000000000000e+00 1.000000000000000000e+00 0.000000000000000000e+00
9.999999932610389441e-01 -1.160944537260148659e-04 -8.673617321432865736e-19 -2.818222833865486970e-04 1.160944537260148659e-04 9.999999932610389441e-01 -1.006958871546105460e-22 4.283318705305286765e-03 8.673617379884035472e-19 0.000000000000000000e+00 1.000000000000000000e+00 0.000000000000000000e+00
9.999997995904493786e-01 6.331027256065564724e-04 -8.673615641608274108e-19 3.024718977397814184e-03 -6.331027256065564724e-04 9.999997995904493786e-01 5.491290804072981803e-22 -6.343220936808525827e-03 8.673617379884035472e-19 0.000000000000000000e+00 1.000000000000000000e+00 0.000000000000000000e+00
9.999989929245065579e-01 1.419207515786010060e-03 -8.673608644896532697e-19 -6.724604477759510250e-03 -1.419207515786010060e-03 9.999989929245065579e-01 1.230966297458358349e-21 -3.595531615404302939e-03 8.673617379884035472e-19 0.000000000000000000e+00 1.000000000000000000e+00 0.000000000000000000e+00
9.999997541312266591e-01 7.012399633868930324e-04 -8.673615247312369852e-19 -1.726282602331677060e-02 -7.012399633868930324e-04 9.999997541312266591e-01 6.082287133901800108e-22 1.774261422538638694e-03 8.673617379884035472e-19 0.000000000000000000e+00 1.000000000000000000e+00 0.000000000000000000e+00
9.999987462097025270e-01 1.583533713837903534e-03 -8.673606504986720581e-19 -1.630198346966044501e-02 -1.583533713837903534e-03 9.999987462097025270e-01 1.373496554197675285e-21 4.627822555258852104e-03 8.673617379884034509e-19 0.000000000000000000e+00 9.999999999999998890e-01 0.000000000000000000e+00
9.999999746610225282e-01 -2.251176452509112615e-04 -8.673617160103440084e-19 5.194539579613894828e-04 2.251176452509112615e-04 9.999999746610225282e-01 -1.952584320366872717e-22 7.290905621776478697e-03 8.673617379884034509e-19 0.000000000000000000e+00 9.999999999999998890e-01 0.000000000000000000e+00
9.999997534445039804e-01 -7.022185779306721817e-04 -8.673615241356000091e-19 1.139400684543300651e-02 7.022185779306721817e-04 9.999997534445039804e-01 -6.090775262016930225e-22 -1.234825820353541680e-02 8.673617379884035472e-19 0.000000000000000000e+00 1.000000000000000000e+00 0.000000000000000000e+00
9.999994896639183839e-01 1.010283080559062300e-03 -8.673612953424128385e-19 -6.848100909403131986e-03 -1.010283080559062300e-03 9.999994896639183839e-01 8.762808886139865881e-22 -8.707971491817708201e-03 8.673617379884035472e-19 0.000000000000000000e+00 1.000000000000000000e+00 0.000000000000000000e+00
9.999979322970367068e-01 2.033568698469182152e-03 -8.673599445419676615e-19 -3.115525321273726871e-03 -2.033568698469182152e-03 9.999979322970367068e-01 1.763839680623045588e-21 5.616534222985645640e-04 8.673617379884035472e-19 0.000000000000000000e+00 1.000000000000000000e+00 0.000000000000000000e+00
9.999964054485733778e-01 2.681247831218835399e-03 -8.673586202120308634e-19 9.008264869541871001e-03 -2.681247831218835399e-03 9.999964054485733778e-01 2.325611778863606766e-21 4.656624397305708998e-03 8.673617379884034509e-19 0.000000000000000000e+00 9.999999999999998890e-01 0.000000000000000000e+00
9.999978836388152548e-01 -2.057357015826909337e-03 -8.673599023376881354e-19 1.488252193795599684e-02 2.057357015826909337e-03 9.999978836388152548e-01 -1.784472756910263546e-21 1.895889176030694095e-02 8.673617379884035472e-19 0.000000000000000000e+00 1.000000000000000000e+00 0.000000000000000000e+00
9.999983065279943739e-01 -1.840364404959658187e-03 -8.673602691355815127e-19 -1.799248358123509183e-03 1.840364404959658187e-03 9.999983065279943739e-01 -1.596261668817803246e-21 -1.070752621510431477e-02 8.673617379884034509e-19 0.000000000000000000e+00 9.999999999999998890e-01 0.000000000000000000e+00
9.999999339308179858e-01 -3.635084036904994483e-04 -8.673616806825230079e-19 -4.031769469731796146e-03 3.635084036904994483e-04 9.999999339308179858e-01 -3.152932807983818075e-22 1.222445070382538468e-02 8.673617379884034509e-19 0.000000000000000000e+00 9.999999999999998890e-01 0.000000000000000000e+00
9.999992396054996346e-01 -1.233202506546198949e-03 -8.673610784513081535e-19 9.766390364837127316e-03 1.233202506546198949e-03 9.999992396054996346e-01 -1.069632669369566723e-21 3.563663971745129142e-03 8.673617379884034509e-19 0.000000000000000000e+00 9.999999999999998890e-01 0.000000000000000000e+00
9.999999754681246911e-01 -2.215033860161914610e-04 -8.673617167103935431e-19 1.050002072082047817e-04 2.215033860161914610e-04 9.999999754681246911e-01 -1.921235618653200682e-22 1.785870493905946169e-02 8.673617379884035472e-19 0.000000000000000000e+00 1.000000000000000000e+00 0.000000000000000000e+00
9.999972333828808235e-01 2.352281144762785429e-03 -8.673593383305707098e-19 4.019893634447016702e-03 -2.352281144762785429e-03 9.999972333828808235e-01 2.040278661958801051e-21 1.883150697056365508e-02 8.673617379884035472e-19 0.000000000000000000e+00 1.000000000000000000e+00 0.000000000000000000e+00
9.999979039000537195e-01 2.047485164565844822e-03 -8.673599199115111440e-19 -1.270484998485733701e-02 -2.047485164565844822e-03 9.999979039000537195e-01 1.775910290843303615e-21 9.693967081581222195e-03 8.673617379884035472e-19 0.000000000000000000e+00 1.000000000000000000e+00 0.000000000000000000e+00
9.999991490685767870e-01 1.304554376922518241e-03 -8.673609999230454002e-19 1.943621185649292704e-02 -1.304554376922518241e-03 9.999991490685767870e-01 1.131520551667894309e-21 -4.136189807596363233e-03 8.673617379884035472e-19 0.000000000000000000e+00 1.000000000000000000e+00 0.000000000000000000e+00
9.999946878173567866e-01 -3.259499511758817084e-03 -8.673571304044336178e-19 1.922942026480384606e-02 3.259499511758817084e-03 9.999946878173567866e-01 -2.827165161491480391e-21 1.480514791434535404e-02 8.673617379884035472e-19 0.000000000000000000e+00 1.000000000000000000e+00 0.000000000000000000e+00
9.999944432531845395e-01 -3.333686061022772974e-03 -8.673569182788281279e-19 9.060446582753853631e-03 3.333686061022772974e-03 9.999944432531845395e-01 -2.891511735796427491e-21 -8.612256850545915374e-03 8.673617379884034509e-19 0.000000000000000000e+00 9.999999999999998890e-01 0.000000000000000000e+00
9.999986333551381668e-01 -1.653265815221935430e-03 -8.673605526129409746e-19 -2.680033709513803680e-03 1.653265815221935430e-03 9.999986333551381668e-01 -1.433979510847712751e-21 8.024563957965061625e-03 8.673617379884034509e-19 0.000000000000000000e+00 9.999999999999998890e-01 0.000000000000000000e+00
9.999987046677892844e-01 -1.609553585300204032e-03 -8.673606144668059885e-19 -1.550100930908341950e-03 1.609553585300204032e-03 9.999987046677892844e-01 -1.396065195131451109e-21 6.140793703461913146e-03 8.673617379884037398e-19 0.000000000000000000e+00 1.000000000000000222e+00 0.000000000000000000e+00
9.999998645274850162e-01 -5.205237859976988421e-04 -8.673616204847275012e-19 3.764255311556294423e-03 5.205237859976988421e-04 9.999998645274850162e-01 -4.514824156872679021e-22 -1.099400790584083472e-02 8.673617379884035472e-19 0.000000000000000000e+00 1.000000000000000000e+00 0.000000000000000000e+00
9.999999658973252048e-01 2.611615373737945938e-04 -8.673617084090482668e-19 1.326385896687030420e-02 -2.611615373737945938e-04 9.999999658973252048e-01 2.265215249522578871e-22 -6.945678597312544313e-03 8.673617379884035472e-19 0.000000000000000000e+00 1.000000000000000000e+00 0.000000000000000000e+00
9.999993115948060396e-01 -1.173375436123613074e-03 -8.673611408920780735e-19 -4.351535517216374889e-03 1.173375436123613074e-03 9.999993115948060396e-01 -1.017740957589078026e-21 1.849263728479452751e-02 8.673617379884035472e-19 0.000000000000000000e+00 1.000000000000000000e+00 0.000000000000000000e+00
9.999995571020067198e-01 -9.411672487288866859e-04 -8.673613538356303441e-19 4.074618362411104068e-03 9.411672487288866859e-04 9.999995571020067198e-01 -8.163324605952512452e-22 -7.699160744452053853e-03 8.673617379884034509e-19 0.000000000000000000e+00 9.999999999999998890e-01 0.000000000000000000e+00
9.999993842155905366e-01 1.109760532569360790e-03 -8.673612038805679289e-19 -6.743326606573760845e-03 -1.109760532569360790e-03 9.999993842155905366e-01 9.625638242802970950e-22 3.183055827446220438e-04 8.673617379884035472e-19 0.000000000000000000e+00 1.000000000000000000e+00 0.000000000000000000e+00
9.999999339157317202e-01 3.635499032559362043e-04 -8.673616806694377583e-19 6.764332949464997580e-03 -3.635499032559362043e-04 9.999999339157317202e-01 3.153292759335847957e-22 5.765908166150519702e-03 8.673617379884035472e-19 0.000000000000000000e+00 1.000000000000000000e+00 0.000000000000000000e+00
9.999966128858736036e-01 2.602732560219638870e-03 -8.673588001352081110e-19 3.960067126616452840e-03 -2.602732560219638870e-03 9.999966128858736036e-01 2.257510636951113167e-21 -1.093061508730394822e-02 8.673617379884034509e-19 0.000000000000000000e+00 9.999999999999998890e-01 0.000000000000000000e+00
9.999993857924569518e-01 -1.108338715827107603e-03 -8.673612052482815233e-19 4.393917012645368915e-03 1.108338715827107603e-03 9.999993857924569518e-01 -9.613305948396353607e-22 1.666734953726400599e-03 8.673617379884035472e-19 0.000000000000000000e+00 1.000000000000000000e+00 0.000000000000000000e+00
9.999987308964494170e-01 1.593174657969993529e-03 -8.673606372165422263e-19 2.383144774863941995e-02 -1.593174657969993529e-03 9.999987308964494170e-01 1.381858740255933965e-21 9.444794869905249676e-03 8.673617379884037398e-19 0.000000000000000000e+00 1.000000000000000222e+00 0.000000000000000000e+00
9.999996754905511320e-01 8.056170259098519634e-04 -8.673614565213239834e-19 1.117016288095852919e-02 -8.056170259098519634e-04 9.999996754905511320e-01 6.987613837462179305e-22 -1.315907410511410122e-02 8.673617379884035472e-19 0.000000000000000000e+00 1.000000000000000000e+00 0.000000000000000000e+00
9.999991552050171428e-01 1.299842010451468305e-03 -8.673610052455589723e-19 -6.824160532463123411e-04 -1.299842010451468305e-03 9.999991552050171428e-01 1.127433225295526157e-21 1.713342721649477665e-02 8.673617379884035472e-19 0.000000000000000000e+00 1.000000000000000000e+00 0.000000000000000000e+00
9.999993295318999609e-01 1.157987802452781169e-03 -8.673611564500270315e-19 -8.264385386590144406e-03 -1.157987802452781169e-03 9.999993295318999609e-01 1.004394312904816386e-21 -9.845252442532126912e-04 8.673617379884035472e-19 0.000000000000000000e+00 1.000000000000000000e+00 0.000000000000000000e+00
9.999979945757870858e-01 2.002709266037940028e-03 -8.673599985601728300e-19 1.126635922106507086e-02 -2.002709266037940028e-03 9.999979945757870858e-01 1.737073389676147713e-21 -1.079931508363312330e-02 8.673617379884035472e-19 0.000000000000000000e+00 1.000000000000000000e+00 0.000000000000000000e+00
9.999943294090010149e-01 -3.367662370627779768e-03 -8.673568195347392461e-19 -4.378200447444340754e-03 3.367662370627779768e-03 9.999943294090010149e-01 -2.920981486745858273e-21 -4.980324506921938836e-03 8.673617379884035472e-19 0.000000000000000000e+00 1.000000000000000000e+00 0.000000000000000000e+00
9.999977127928391107e-01 2.138786826829421495e-03 -8.673597541524253388e-19 9.494208069257608837e-03 -2.138786826829421495e-03 9.999977127928391107e-01 1.855101859305469717e-21 8.755124138530191854e-04 8.673617379884035472e-19 0.000000000000000000e+00 1.000000000000000000e+00 0.000000000000000000e+00
9.999963654324358631e-01 2.696130916413209348e-03 -8.673585855035642811e-19 8.443629764015471786e-03 -2.696130916413209348e-03 9.999963654324358631e-01 2.338520797504428431e-21 -1.000215347389453793e-02 8.673617379884037398e-19 0.000000000000000000e+00 1.000000000000000222e+00 0.000000000000000000e+00
9.999987084513974889e-01 -1.607201150175309630e-03 -8.673606177485629767e-19 1.188029792352301821e-02 1.607201150175309630e-03 9.999987084513974889e-01 -1.394024782913017733e-21 3.169426119249606644e-03 8.673617379884035472e-19 0.000000000000000000e+00 1.000000000000000000e+00 0.000000000000000000e+00
9.999993544634798726e-01 1.136253767285833874e-03 -8.673611780747255145e-19 3.187276529430212082e-03 -1.136253767285833874e-03 9.999993544634798726e-01 9.855430423889118981e-22 8.568306119028021306e-03 8.673617379884035472e-19 0.000000000000000000e+00 1.000000000000000000e+00 0.000000000000000000e+00
9.999990168975658733e-01 1.402213928710677182e-03 -8.673608852829676624e-19 -1.034242841784464677e-02 -1.402213928710677182e-03 9.999990168975658733e-01 1.216226710238040352e-21 6.815945182817380495e-03 8.673617379884035472e-19 0.000000000000000000e+00 1.000000000000000000e+00 0.000000000000000000e+00
9.999999995346650072e-01 -3.050688754200552944e-05 -8.673617375847897791e-19 -6.895497777502005918e-03 3.050688754200552944e-05 9.999999995346650072e-01 -2.646050699905069234e-23 -4.555325035172321478e-03 8.673617379884035472e-19 0.000000000000000000e+00 1.000000000000000000e+00 0.000000000000000000e+00
9.999993690693864679e-01 1.123325789339132573e-03 -8.673611907433300439e-19 -3.539939112534839713e-03 -1.123325789339132573e-03 9.999993690693864679e-01 9.743298089683853051e-22 -1.374951293417907804e-02 8.673617379884035472e-19 0.000000000000000000e+00 1.000000000000000000e+00 0.000000000000000000e+00
9.999960908643610313e-01 2.796114446242627203e-03 -8.673583473537216989e-19 -2.223403152224426652e-02 -2.796114446242627203e-03 9.999960908643610313e-01 2.425242685707487691e-21 6.252314510272985459e-03 8.673617379884035472e-19 0.000000000000000000e+00 1.000000000000000000e+00 0.000000000000000000e+00
9.999991669424093121e-01 1.290780572862652983e-03 -8.673610154261238438e-19 -1.104383339428450551e-02 -1.290780572862652983e-03 9.999991669424093121e-01 1.119573681039817851e-21 5.216507926108542503e-04 8.673617379884035472e-19 0.000000000000000000e+00 1.000000000000000000e+00 0.000000000000000000e+00
9.999998913792682576e-01 -4.660916771699497464e-04 -8.673616437749368815e-19 1.543014595406735912e-02 4.660916771699497464e-04 9.999998913792682576e-01 -4.042700871720575232e-22 -1.292856909723337500e-02 8.673617379884035472e-19 0.000000000000000000e+00 1.000000000000000000e+00 0.000000000000000000e+00
9.999995829506599376e-01 -9.132899355496789219e-04 -8.673613762557631238e-19 -3.928281822749560477e-04 9.132899355496789219e-04 9.999995829506599376e-01 -7.921527457856865715e-22 -1.168093497741086451e-02 8.673617379884035472e-19 0.000000000000000000e+00 1.000000000000000000e+00 0.000000000000000000e+00
9.999989671048143958e-01 -1.437285394196528669e-03 -8.673608420946402017e-19 -1.715463312222481130e-03 1.437285394196528669e-03 9.999989671048143958e-01 -1.246646357495648808e-21 7.717905512137784169e-03 8.673617379884035472e-19 0.000000000000000000e+00 1.000000000000000000e+00 0.000000000000000000e+00
9.999997924105015201e-01 6.443438164795913144e-04 -8.673615579332153576e-19 2.163235949280689976e-02 -6.443438164795913144e-04 9.999997924105015201e-01 5.588791725238192613e-22 1.336527949436503056e-02 8.673617379884035472e-19 0.000000000000000000e+00 1.000000000000000000e+00 0.000000000000000000e+00
9.999993460313155724e-01 -1.143650707697149108e-03 -8.673611707609888321e-19 -2.393791775759263833e-03 1.143650707697149108e-03 9.999993460313155724e-01 -9.919588654798669368e-22 1.099659595887224166e-02 8.673617379884035472e-19 0.000000000000000000e+00 1.000000000000000000e+00 0.000000000000000000e+00
9.999999990986974119e-01 4.245709648831447327e-05 -8.673617372066481679e-19 6.401315260975920865e-03 -4.245709648831447327e-05 9.999999990986974119e-01 3.682566100004578651e-23 -1.616956044310723442e-02 8.673617379884035472e-19 0.000000000000000000e+00 1.000000000000000000e+00 0.000000000000000000e+00
9.999999853273419115e-01 1.713047453006184470e-04 -8.673617252619013266e-19 -7.380309092056887114e-03 -1.713047453006184470e-04 9.999999853273419115e-01 1.485831816096052213e-22 2.799245990433492717e-03 8.673617379884034509e-19 0.000000000000000000e+00 9.999999999999998890e-01 0.000000000000000000e+00
9.999990582576291365e-01 -1.372400763113785019e-03 -8.673609211571040177e-19 9.101789080925919498e-03 1.372400763113785019e-03 9.999990582576291365e-01 -1.190367911110983885e-21 3.172182151914130967e-03 8.673617379884034509e-19 0.000000000000000000e+00 9.999999999999998890e-01 0.000000000000000000e+00
9.999997439070024141e-01 7.156716632248227980e-04 -8.673615158631360744e-19 -4.664190967359430756e-03 -7.156716632248227980e-04 9.999997439070024141e-01 6.207462176437337341e-22 -9.444462559181394587e-03 8.673617379884034509e-19 0.000000000000000000e+00 9.999999999999998890e-01 0.000000000000000000e+00
9.999922254471079741e-01 -3.943227781957305868e-03 -8.673549946386950369e-19 -1.702041386144059493e-04 3.943227781957305868e-03 9.999922254471079741e-01 -3.420204902242646404e-21 3.791517355551928502e-03 8.673617379884035472e-19 0.000000000000000000e+00 1.000000000000000000e+00 0.000000000000000000e+00
9.999998176813178485e-01 6.038520770871937159e-04 -8.673615798521545286e-19 -4.225715166064269654e-04 -6.038520770871937159e-04 9.999998176813178485e-01 5.237581870702557769e-22 -9.559450004926660360e-03 8.673617379884035472e-19 0.000000000000000000e+00 1.000000000000000000e+00 0.000000000000000000e+00
9.999963841089667405e-01 2.689194859412473698e-03 -8.673586017028725625e-19 -4.635959746460941930e-03 -2.689194859412473698e-03 9.999963841089667405e-01 2.332504727049483724e-21 4.814814737735732472e-03 8.673617379884035472e-19 0.000000000000000000e+00 1.000000000000000000e+00 0.000000000000000000e+00
9.999999178933706157e-01 -4.052323431479866412e-04 -8.673616667722547840e-19 6.326199420033171020e-04 4.052323431479866412e-04 9.999999178933706157e-01 -3.514830294419508266e-22 1.565065379654866171e-03 8.673617379884034509e-19 0.000000000000000000e+00 9.999999999999998890e-01 0.000000000000000000e+00
9.999969112579113473e-01 2.485452602091619591e-03 -8.673590589316973354e-19 -5.973160689653627536e-03 -2.485452602091619591e-03 9.999969112579113473e-01 2.155786488637987170e-21 -2.379217297358959815e-03 8.673617379884037398e-19 0.000000000000000000e+00 1.000000000000000222e+00 0.000000000000000000e+00
9.999997363572277198e-01 -7.261442522194706426e-04 -8.673615093147503742e-19 -4.933198833621941191e-03 7.261442522194706426e-04 9.999997363572277198e-01 -6.298297406353697165e-22 -5.428614760166067255e-03 8.673617379884035472e-19 0.000000000000000000e+00 1.000000000000000000e+00 0.000000000000000000e+00
9.999965982111806984e-01 -2.608364634448343856e-03 -8.673587874069409682e-19 -1.156182431821912819e-02 2.608364634448343856e-03 9.999965982111806984e-01 -2.262395682642602421e-21 7.811981017101044499e-03 8.673617379884035472e-19 0.000000000000000000e+00 1.000000000000000000e+00 0.000000000000000000e+00
9.999993021147370875e-01 -1.181427119614733134e-03 -8.673611326694289909e-19 -2.069985025013532445e-02 1.181427119614733134e-03 9.999993021147370875e-01 -1.024724679775668457e-21 4.262587307782120076e-03 8.673617379884035472e-19 0.000000000000000000e+00 1.000000000000000000e+00 0.000000000000000000e+00
9.999999731064735942e-01 2.319203570053183085e-04 -8.673617146619877432e-19 -6.374370255522290689e-03 -2.319203570053183085e-04 9.999999731064735942e-01 2.011588439270239098e-22 -3.972718143286866829e-03 8.673617379884034509e-19 0.000000000000000000e+00 9.999999999999998890e-01 0.000000000000000000e+00
9.999957216685110284e-01 2.925174298012593339e-03 -8.673580271273675823e-19 -2.977908794017283377e-03 -2.925174298012593339e-03 9.999957216685110284e-01 2.537184263043211258e-21 -3.090129690470112128e-03 8.673617379884034509e-19 0.000000000000000000e+00 9.999999999999998890e-01 0.000000000000000000e+00
9.999989923845080675e-01 1.419587957315949752e-03 -8.673608640212792406e-19 1.152331564783120113e-02 -1.419587957315949752e-03 9.999989923845080675e-01 1.231296277884969807e-21 1.079618592036932050e-02 8.673617379884035472e-19 0.000000000000000000e+00 1.000000000000000000e+00 0.000000000000000000e+00
9.999994950482560263e-01 1.004939417512455647e-03 -8.673613000125812939e-19 -1.466424327802513979e-02 -1.004939417512455647e-03 9.999994950482560263e-01 8.716459997466574342e-22 5.210648764528695576e-03 8.673617379884035472e-19 0.000000000000000000e+00 1.000000000000000000e+00 0.000000000000000000e+00
9.999993301284166858e-01 -1.157048047531742145e-03 -3.134539098486059574e-05 -3.356731992233646933e-02 1.157048057273325119e-03 9.999993306196296450e-01 2.926496977356750901e-07 -3.376786344029627379e-03 3.134503139310979708e-05 -3.289176254414644372e-07 9.999999995086903404e-01 0.000000000000000000e+00
9.999892184053621458e-01 4.639497522691114588e-03 -1.952838197319312942e-04 -3.451471364365402694e-01 -4.639503996864645201e-03 9.999892369083495103e-01 -3.271269054743303873e-05 -6.660536915667829641e-03 1.951299474275262381e-04 3.361835791463332429e-05 9.999999803970547330e-01 0.000000000000000000e+00
9.999908264454604456e-01 4.231148464864172877e-03 -6.666390279024054415e-04 -3.794020567317877846e-01 -4.231597954434848131e-03 9.999908194064495159e-01 -6.743008007992890409e-04 5.776196899338046677e-03 6.637798409622866535e-04 6.771155634109350370e-04 9.999995504553172987e-01 0.000000000000000000e+00
9.999966348169705421e-01 2.330397427885761222e-03 -1.140001123946733164e-03 -3.771336251000009243e-01 -2.331455906196178499e-03 9.999968515200770014e-01 -9.280427201855137804e-04 -6.995322500887421815e-03 1.137834826307993928e-03 9.306974595053970267e-04 9.999989195664897856e-01 0.000000000000000000e+00
9.999993547554415496e-01 1.087353142302633973e-03 3.288644775645359320e-04 -3.590339742676164070e-01 -1.086940499891950749e-03 9.999986251067516374e-01 -1.252335800090807446e-03 3.506566842176571126e-04 -3.302257566784329280e-04 1.251977535908306268e-03 9.999991617512482556e-01 0.000000000000000000e+00
9.999977135371777015e-01 2.116162830068458404e-03 -3.078559613892248477e-04 -3.864799225794540716e-01 -2.116446234842865332e-03 9.999973341922113734e-01 -9.231813502893584152e-04 -3.484581881064490946e-03 3.059015386455104894e-04 9.238308000598790745e-04 9.999995264803385187e-01 0.000000000000000000e+00
9.999986817934372052e-01 -1.315310007217793510e-03 -9.520351740507342758e-04 -3.911061168585118208e-01 1.315228901459216402e-03 9.999991314041524193e-01 -8.581303649576220915e-05 -2.753674452200102415e-02 9.521472178625879721e-04 8.456077920033705573e-05 9.999995431324706363e-01 0.000000000000000000e+00
9.999963106150889791e-01 2.709137886806205642e-03 -1.983131887283090598e-04 -3.991396760198367422e-01 -2.708962471857763888e-03 9.999959439725596422e-01 8.795230272868574542e-04 -4.071489826751033270e-03 2.006951335201150781e-04 -8.789825594019321604e-04 9.999995935554791826e-01 0.000000000000000000e+00
9.999836398251994440e-01 5.697076835864588185e-03 -5.132226338431868399e-04 -4.061433305134428684e-01 -5.696477016038139704e-03 9.999830989853463192e-01 1.162709451497065697e-03 1.861514407182141180e-03 5.198380049428963584e-04 -1.159766868429398931e-03 9.999991923543035677e-01 0.000000000000000000e+00
9.999998932005138563e-01 2.937023153727560281e-04 -3.568443789528472250e-04 -3.986458020158341609e-01 -2.936965188278488760e-04 9.999999567383934806e-01 1.629619479371904203e-05 -3.455992845438147620e-04 3.568491497453287788e-04 -1.619138910143207559e-05 9.999999361982595536e-01 0.000000000000000000e+00
9.999989140444570657e-01 1.448672156508398279e-03 2.706637947962445864e-04 -3.899808708711320904e-01 -1.448526289030332330e-03 9.999988059768866178e-01 -5.383459774869727354e-04 1.533944548348843522e-02 -2.714433584455712488e-04 5.379533292449234028e-04 9.999998184623430930e-01 0.000000000000000000e+00
9.999991411227858729e-01 1.570843547766987303e-04 -1.301183383035485301e-03 -4.316471423211465930e-01 -1.582412661345454366e-04 9.999995922595038556e-01 -8.890672235476172703e-04 -1.056498624084630140e-02 1.301043193939162897e-03 8.892723608540418307e-04 9.999987582398669472e-01 0.000000000000000000e+00
9.999941902953181083e-01 2.894520085881432427e-03 -1.800313606963932674e-03 -4.390414233765150276e-01 -2.894289360002897694e-03 9.999958029878521781e-01 1.307508359137759765e-04 1.391224977928787188e-02 1.800684511946652917e-03 -1.255394477727282709e-04 9.999983708862406617e-01 0.000000000000000000e+00
9.999955390188984827e-01 2.985571916097368769e-03 -9.111880698128368040e-05 -4.562741163498011954e-01 -2.985507869189626181e-03 9.999953017661036281e-01 6.951176035742763666e-04 2.360366765130642377e-02 9.319370247943237174e-05 -6.948424667525094581e-04 9.999997542544101226e-01 0.000000000000000000e+00
9.999995355187528689e-01 9.596336265374129804e-04 8.980858339006141610e-05 -4.589401048306829822e-01 -9.596980082587909348e-04 9.999992805768411763e-01 7.196009542250501401e-04 1.187369962232106418e-02 -8.911796550632389226e-05 -7.196868091025053525e-04 9.999997370544081443e-01 0.000000000000000000e+00
9.999997983637607391e-01 5.452973157313806361e-04 3.254585617356725580e-04 -4.131000364524499702e-01 -5.454442817964327232e-04 9.999997492521294218e-01 4.516483298987800294e-04 -3.185412636291553613e-03 -3.252121975056828859e-04 -4.518257583415697070e-04 9.999998450452434184e-01 0.000000000000000000e+00
9.999987209297396262e-01 1.597428918977851194e-03 -7.974793577133602342e-05 -4.845725580087235085e-01 -1.597430327427297242e-03 9.999987239524680271e-01 -1.760069445587859318e-05 1.672880779285059599e-02 7.971971815086150543e-05 1.772806371450460973e-05 9.999999966652409755e-01 0.000000000000000000e+00
9.999972416601724534e-01 1.639233550906360600e-03 -1.682137156189958318e-03 -4.910945074435172364e-01 -1.638264061967865471e-03 9.999984912566852735e-01 5.775597080587872249e-04 6.424060303929239948e-03 1.683081373527871294e-03 -5.748023301025547913e-04 9.999984184184349534e-01 0.000000000000000000e+00
9.999995667355086049e-01 -9.274055742452529810e-04 8.029754967536423325e-05 -5.039673901397380140e-01 9.273430180910414294e-04 9.999992692256529647e-01 7.756178745375782438e-04 -1.373568981484306339e-02 -8.101680333630519038e-05 -7.755430751178329181e-04 9.999996959845621758e-01 0.000000000000000000e+00
9.999977514652571564e-01 -1.681372824221678093e-03 -1.292304088005530142e-03 -5.024349142831375792e-01 1.683054574856162689e-03 9.999977368734941363e-01 1.301374345878006681e-03 -9.331744063448537546e-04 1.290113067898596318e-03 -1.303546437999999379e-03 9.999983181860638837e-01 0.000000000000000000e+00
9.999999585953084358e-01 1.857148433426453562e-04 2.198166935157010139e-04 -4.654909629106203650e-01 -1.856546311187679183e-04 9.999999452531413979e-01 -2.739088764501787163e-04 -1.167580178113100491e-02 -2.198675504255076095e-04 2.738680551219176921e-04 9.999999383272726305e-01 0.000000000000000000e+00
9.999999994486251653e-01 1.040442904164290189e-05 -3.153565421633626470e-05 -5.126753852895249430e-01 -1.040325017184344806e-05 9.999999992471770849e-01 3.738205951791058110e-05 -4.759404331361958770e-03 3.153604313158118994e-05 -3.738173142399890941e-05 9.999999988040421117e-01 0.000000000000000000e+00
9.999992385985455590e-01 8.576361075275296857e-04 8.872782179917479417e-04 -5.213476891343388209e-01 -8.575399851084118804e-04 9.999996264037166460e-01 -1.087087901986825191e-04 -5.106305450666643111e-03 -8.873711190915834629e-04 1.079478308778078960e-04 9.999996004598015187e-01 0.000000000000000000e+00
9.999987531036286237e-01 1.252307973126925208e-03 9.620373840352766746e-04 -5.355156864315512300e-01 -1.252183576463648980e-03 9.999992075812317305e-01 -1.298968794415653657e-04 -1.293924235454291596e-03 -9.621992925966068363e-04 1.286920700613847202e-04 9.999995288053250553e-01 0.000000000000000000e+00
9.999986575479992146e-01 -6.441092551281306399e-05 1.637300654136578625e-03 -5.456904365640404819e-01 6.419930110096348449e-05 9.999999895794308147e-01 1.293042451283494296e-04 -7.053673307537179638e-03 -1.637308965681075548e-03 -1.291989579859191268e-04 9.999986512625804735e-01 0.000000000000000000e+00
9.999980804800848722e-01 -1.947476800880570480e-03 2.153375392554005214e-04 -5.206927830946169733e-01 1.947331032189039907e-03 9.999978760812772149e-01 6.750813178762013912e-04 -9.633516477886284318e-03 -2.166517871012409245e-04 -6.746606885715800660e-04 9.999997489474476975e-01 0.000000000000000000e+00
9.999982107446445667e-01 -1.756900416038111338e-03 -7.012905515127658244e-04 -4.907549975086481497e-01 1.757318203172289440e-03 9.999982785633931837e-01 5.955694611336253197e-04 -1.417073290819010310e-02 7.002429880514932786e-04 -5.968007861596634966e-04 9.999995767442000361e-01 0.000000000000000000e+00
9.999977487709742485e-01 -1.550300009810795087e-03 -1.448800490994689872e-03 -5.717364970439650085e-01 1.551222277636597844e-03 9.999985948177040340e-01 6.356666283851189047e-04 -2.990285550868308079e-02 1.447812981185668015e-03 -6.379126089514363957e-04 9.999987484517540715e-01 0.000000000000000000e+00
9.999994328391962339e-01 9.818544906890227207e-04 -4.126536623592892369e-04 -5.832444496895587971e-01 -9.819710871528950294e-04 9.999994779785889021e-01 -2.824452756862546785e-04 5.064098870209603545e-04 4.123761267829356551e-04 2.828503294598097117e-04 9.999998749708028933e-01 0.000000000000000000e+00
9.999993894877937661e-01 3.374208472301026482e-04 -1.052222035314501333e-03 -5.591913252428464265e-01 -3.380128636752909553e-04 9.999997846663086776e-01 -5.625074579519401090e-04 5.711484092114750902e-03 1.052032006992611188e-03 5.628627791176498644e-04 9.999992882068207134e-01 0.000000000000000000e+00
9.999999584943942699e-01 2.575634540712411517e-04 -1.291211724916686799e-04 -5.910672228386393279e-01 -2.575321447034272871e-04 9.999999374503767413e-01 2.424385229816470417e-04 -1.568920766944530837e-02 1.291836077185670381e-04 -2.424052600666108594e-04 9.999999622756421402e-01 0.000000000000000000e+00
9.999991120224894781e-01 -5.057935240139790596e-04 1.232934363307328215e-03 -5.338379073984415024e-01 5.058375135337283201e-04 9.999998714387793308e-01 -3.536714860393150328e-05 -7.476361364602323104e-03 -1.232916316325054608e-03 3.599078165138459514e-05 9.999992393107212107e-01 0.000000000000000000e+00
9.999977456430174660e-01 1.061146057061359118e-03 1.839205787347311487e-03 -5.897157053187580544e-01 -1.061520650857160743e-03 9.999994160416612043e-01 2.027072864621796023e-04 -3.031589989206571155e-04 -1.838989611289988755e-03 -2.046591844120381506e-04 9.999982881144484637e-01 0.000000000000000000e+00
9.999972213258550013e-01 8.580178288609905659e-04 2.195710813030391298e-03 -6.183020328549800881e-01 -8.573963799778757311e-04 9.999995921206424887e-01 -2.839542151030067488e-04 8.542463088524385878e-03 -2.195953555224413808e-03 2.820708315842003597e-04 9.999975491090112856e-01 0.000000000000000000e+00
9.999211009203295975e-01 3.171731313208154841e-03 1.215450758990399907e-02 -6.022815800013396892e-01 -3.184503257459872418e-03 9.999943973655691654e-01 1.031589295889893173e-03 -7.122714455138385789e-03 -1.215116756856914060e-02 -1.070213973456719727e-03 9.999255991166401403e-01 0.000000000000000000e+00
9.998311288854040413e-01 -1.117597807366856868e-03 1.834297377413757549e-02 -5.991333132331957412e-01 1.061129018675573089e-03 9.999946692978486373e-01 3.087941238308002535e-03 -2.945323586023918319e-03 -1.834632706956503337e-02 -3.067955512468741302e-03 9.998269849989193103e-01 0.000000000000000000e+00
9.999428649440008643e-01 -9.189844105757048048e-04 1.064999132566667867e-02 -6.068504277789948942e-01 8.596166933718843266e-04 9.999840751702080421e-01 5.577675602256481485e-03 8.214586870552272047e-03 -1.065494752329325390e-02 -5.568202011120793049e-03 9.999277309984152540e-01 0.000000000000000000e+00
9.999947235922406197e-01 3.926818936409139571e-04 3.224684265001287204e-03 -5.584983647487611336e-01 -4.102654501687382676e-04 9.999850429466496937e-01 5.453949509083338455e-03 7.608224482474561408e-03 -3.222494366005649192e-03 -5.455243708363461015e-03 9.999799277216235849e-01 0.000000000000000000e+00
9.999467257026648515e-01 1.057380950748109272e-03 -1.026779927953036693e-02 -6.375415706538102301e-01 -1.050213931525227976e-03 9.999992011561064098e-01 7.033760354292422452e-04 -4.618789384335172075e-03 1.026853481358268837e-02 -6.925551777157249204e-04 9.999470373775344312e-01 0.000000000000000000e+00
9.995689821949981235e-01 1.550476469857614906e-03 -2.931630700432870384e-02 -7.015535425166374850e-01 -1.685969624725047137e-03 9.999880096542105301e-01 -4.597613971964271615e-03 -9.104668265215793560e-03 2.930882699938942848e-02 4.645058721600241886e-03 9.995596110734931150e-01 0.000000000000000000e+00
9.996765855377933718e-01 -9.421482620765711307e-04 -2.541331706313499847e-02 -6.899093848537174445e-01 8.716951201938563003e-04 9.999957468859329568e-01 -2.783227921466316108e-03 -1.283119324932884692e-02 2.541583119074787914e-02 2.760175120833022102e-03 9.996731550652874221e-01 0.000000000000000000e+00
9.998089087258263952e-01 1.075423159697388173e-03 -1.951895226438426015e-02 -6.939411682440327356e-01 -1.083745464113593368e-03 9.999993263038114977e-01 -4.157976572277587374e-04 -1.583723502934892939e-03 1.951849195611018647e-02 4.368717779044170146e-04 9.998094006433468905e-01 0.000000000000000000e+00
9.999816056563023414e-01 1.587556315690993695e-03 -5.853888791893302468e-03 -6.208657675657606179e-01 -1.573289162157646536e-03 9.999957831078385428e-01 2.441009576563280686e-03 6.762485978521536739e-03 5.857739346845476647e-03 -2.431754816001398777e-03 9.999798865268537673e-01 0.000000000000000000e+00
9.999852998490700307e-01 5.753713306163455842e-04 5.391570605798088819e-03 -6.686747790437721495e-01 -5.839377382969195614e-04 9.999985695680653208e-01 1.587412530220591025e-03 -2.635915088117384356e-02 -5.390649541863565264e-03 -1.590537536562226665e-03 9.999842054191964147e-01 0.000000000000000000e+00
9.999229953406552074e-01 5.470853191879685882e-04 1.239774522343742302e-02 -6.862179435630531010e-01 -5.196608002320742036e-04 9.999974114828694693e-01 -2.215170470445918145e-03 -2.740232008232773228e-02 -1.239892501890541357e-02 2.208557269794565910e-03 9.999206913216474035e-01 0.000000000000000000e+00
9.997876952598262479e-01 -1.543895638019194107e-03 2.054703855312401892e-02 -6.994145056761645884e-01 1.664010878805988322e-03 9.999816206016055586e-01 -5.830053754599117538e-03 -8.387350811910054826e-04 -2.053765991635548779e-02 5.863006502231192865e-03 9.997718888226027056e-01 0.000000000000000000e+00
9.998563880471823540e-01 -7.915765435288373876e-04 1.692857607177218615e-02 -6.892538890658825856e-01 8.508470844999171077e-04 9.999935329538252038e-01 -3.494296748349653547e-03 -1.573030236793257486e-02 -1.692570059054693266e-02 3.508198555165301883e-03 9.998505954403470453e-01 0.000000000000000000e+00
