4.556137783459971446e-01 8.899941656012434477e-01 1.806848574261651560e-02 -7.379499963692603615e+01 -8.901738194476215282e-01 4.555768280577739970e-01 6.350189512998408517e-03 1.490788737054948569e+02 -2.579951805397558140e-03 -1.897732680237016606e-02 9.998165856376448613e-01 0.000000000000000000e+00
4.540950784843513777e-01 8.907699981023494695e-01 1.806848574261651560e-02 -7.376816866160089603e+01 -8.909495886623635119e-01 4.540578218195504556e-01 6.350189512998409384e-03 1.490674340223674506e+02 -2.547578979426902857e-03 -1.898169974543147814e-02 9.998165856376448613e-01 -4.122265475643855097e-04
4.539345981162652421e-01 8.908517892758558432e-01 1.806848574261651560e-02 -7.376520260145714758e+01 -8.910313731211346733e-01 4.538973090986713754e-01 6.350189512998410252e-03 1.490582819642764036e+02 -2.544159368165934201e-03 -1.898215838600829028e-02 9.998165856376448613e-01 -4.077006295531219169e-04
4.561942810993019903e-01 8.896967504241318769e-01 1.806848574261651560e-02 -7.376205553806647686e+01 -8.898764283373008510e-01 4.561574480185522362e-01 6.350189512998411119e-03 1.490552772126999912e+02 -2.592331371619457231e-03 -1.897563969782966112e-02 9.998165856376448613e-01 -4.454894886283774819e-04
4.568833810770968618e-01 8.893430754880421452e-01 1.806848574261651907e-02 -7.375750118881953199e+01 -8.895227818814188669e-01 4.568466872016161973e-01 6.350189512998413721e-03 1.490490599470232667e+02 -2.607030782842067844e-03 -1.897362575733603160e-02 9.998165856376450833e-01 -4.883067210591970344e-04
4.565649058588340803e-01 8.895066141187950581e-01 1.806848574261651907e-02 -7.374268919749138718e+01 -8.896863073617227169e-01 4.565281476384690507e-01 6.350189512998414589e-03 1.490529174886138719e+02 -2.600236753988905726e-03 -1.897455803715429601e-02 9.998165856376450833e-01 -7.804866853479055372e-04
4.525969160964780080e-01 8.915321426414902772e-01 1.806848574261651560e-02 -7.374885707832606840e+01 -8.917116703135627986e-01 4.525593575651103428e-01 6.350189512998414589e-03 1.490462329806818218e+02 -2.515664237149886455e-03 -1.898595579179664442e-02 9.998165856376449723e-01 -6.265662950444538795e-04
4.514417152390665100e-01 8.921176534319777973e-01 1.806848574261651560e-02 -7.373819209415461273e+01 -8.922971323030489676e-01 4.514039241930721813e-01 6.350189512998415456e-03 1.490443166742950609e+02 -2.491069201259168888e-03 -1.898919845903637715e-02 9.998165856376449723e-01 -8.071306188610825839e-04
4.515129615969987742e-01 8.920815967908294342e-01 1.806848574261651560e-02 -7.374092012787691885e+01 -8.922610786794600291e-01 4.514751848849678506e-01 6.350189512998416323e-03 1.490174986551476479e+02 -2.492585740559188912e-03 -1.898899945252757043e-02 9.998165856376449723e-01 -5.874993929737521792e-04
4.537992308452336032e-01 8.909207528771809770e-01 1.806848574261651214e-02 -7.372809164593107312e+01 -8.911003310544419742e-01 4.537619145408892107e-01 6.350189512998416323e-03 1.490260889415789052e+02 -2.541275061591099799e-03 -1.898254474361818836e-02 9.998165856376448613e-01 -8.738931116423835329e-04
4.524182241444693053e-01 8.916228352195413320e-01 1.806848574261650867e-02 -7.372401936733830041e+01 -8.918023553604434994e-01 4.523806296325192378e-01 6.350189512998416323e-03 1.490264241620445773e+02 -2.511858978990007176e-03 -1.898645960551357051e-02 9.998165856376447502e-01 -9.496156214172942573e-04
4.526615137191211113e-01 8.914993459450671898e-01 1.806848574261650867e-02 -7.373608291571365214e+01 -8.916788763380919525e-01 4.526239681961032324e-01 6.350189512998417191e-03 1.490425150644313987e+02 -2.517039918652485241e-03 -1.898577346146427397e-02 9.998165856376447502e-01 -8.338046077802316889e-04
4.520587453424833591e-01 8.918051472055700257e-01 1.806848574261650520e-02 -7.371979465480742988e+01 -8.919846521763195035e-01 4.520210784632056611e-01 6.350189512998417191e-03 1.490369870816981575e+02 -2.504204718151748464e-03 -1.898747067441363193e-02 9.998165856376446392e-01 -1.093052629566135941e-03
4.498471103833427964e-01 8.929227889928250672e-01 1.806848574261650520e-02 -7.373051229014245678e+01 -8.931022000588191290e-01 4.498089987352921204e-01 6.350189512998418058e-03 1.490349438954154380e+02 -2.457138549969695857e-03 -1.899361877127115489e-02 9.998165856376446392e-01 -8.863886630753381240e-04
4.490526680029461870e-01 8.933225795771672084e-01 1.806848574261650520e-02 -7.372076897922423200e+01 -8.935019566714631489e-01 4.490143967819023030e-01 6.350189512998418925e-03 1.490589573952997284e+02 -2.440242549927730542e-03 -1.899579690825455372e-02 9.998165856376446392e-01 -1.214986082108954982e-03
4.502644720827999603e-01 8.927124032984899982e-01 1.806848574261650520e-02 -7.373392766739067383e+01 -8.928918321607725028e-01 4.502264443074479594e-01 6.350189512998419793e-03 1.490572463662274458e+02 -2.466017148368361469e-03 -1.899246806779161453e-02 9.998165856376446392e-01 -9.663175443296407804e-04
4.488687168245451553e-01 8.934150238714674286e-01 1.806848574261650520e-02 -7.374309363488221436e+01 -8.935943930816361291e-01 4.488304086692556649e-01 6.350189512998420660e-03 1.490706989152884887e+02 -2.436331124549360756e-03 -1.899629896936987430e-02 9.998165856376446392e-01 -8.861139168647665142e-04
4.470268014209309304e-01 8.943380617162282054e-01 1.806848574261650520e-02 -7.374592056044646426e+01 -8.945173516081744713e-01 4.469881237404926266e-01 6.350189512998421527e-03 1.490649489274744610e+02 -2.397182360338268644e-03 -1.900127892046779912e-02 9.998165856376446392e-01 -7.985060717583075630e-04
4.471306260971560365e-01 8.942861583570069772e-01 1.806848574261650520e-02 -7.374221580761175687e+01 -8.944654527380092590e-01 4.470919692315404315e-01 6.350189512998422395e-03 1.490671156149884951e+02 -2.399388287280116491e-03 -1.900100049284231610e-02 9.998165856376446392e-01 -8.792190257765858212e-04
4.465643614835801412e-01 8.945690587516040848e-01 1.806848574261650520e-02 -7.374653601780481438e+01 -8.947483286229070965e-01 4.465255911139504041e-01 6.350189512998423262e-03 1.490615741052190515e+02 -2.387358221218517044e-03 -1.900251574412481145e-02 9.998165856376446392e-01 -7.659489569167615610e-04
4.452943326279855674e-01 8.952019253511274144e-01 1.806848574261650520e-02 -7.375275543784255206e+01 -8.953811400186922898e-01 4.452553078762517824e-01 6.350189512998424129e-03 1.490659854369562538e+02 -2.360387303805653626e-03 -1.900588476388731865e-02 9.998165856376446392e-01 -6.815707710021207035e-04
4.446664717786571464e-01 8.955139634304366547e-01 1.806848574261650520e-02 -7.375885415419433855e+01 -8.956931506882227501e-01 4.446273213640313804e-01 6.350189512998424997e-03 1.490822322451168986e+02 -2.347059037524157690e-03 -1.900753528884024587e-02 9.998165856376446392e-01 -6.745452237666581165e-04
4.432478377078445386e-01 8.962169849931929111e-01 1.806848574261650173e-02 -7.376195881994827630e+01 -8.963961100303142748e-01 4.432084035932413735e-01 6.350189512998424997e-03 1.490988914763997855e+02 -2.316957021857465621e-03 -1.901122810449120890e-02 9.998165856376445282e-01 -7.242470066641955827e-04
4.434495807336930606e-01 8.961171793744836522e-01 1.806848574261649826e-02 -7.375519433965040150e+01 -8.962963132843810854e-01 4.434101869442957367e-01 6.350189512998424997e-03 1.491016572305339025e+02 -2.321236726052354048e-03 -1.901070603485722002e-02 9.998165856376444172e-01 -8.640596290235358704e-04
4.440787415301213348e-01 8.958055598979012268e-01 1.806848574261649826e-02 -7.376120715840345099e+01 -8.959847214266829507e-01 4.440394735415961747e-01 6.350189512998425864e-03 1.490859694807263338e+02 -2.334585824695936240e-03 -1.900907133211035549e-02 9.998165856376444172e-01 -6.557587094201209471e-04
4.431734977000808540e-01 8.962537479750057878e-01 1.806848574261649826e-02 -7.377204890371497470e+01 -8.964328697405703483e-01 4.431340487277343754e-01 6.350189512998426732e-03 1.490882385914351005e+02 -2.315380090128582244e-03 -1.901142022365418308e-02 9.998165856376444172e-01 -4.742407788649948106e-04
4.413499877811587480e-01 8.971531185413892384e-01 1.806848574261649826e-02 -7.377292623798398097e+01 -8.973321597143878448e-01 4.413101746339653242e-01 6.350189512998427599e-03 1.490912803384946130e+02 -2.276714273530041060e-03 -1.901608939816059468e-02 9.998165856376444172e-01 -4.777049827971977013e-04
4.389429114725701964e-01 8.983332623759137103e-01 1.806848574261649479e-02 -7.376477273529395973e+01 -8.985121961564251913e-01 4.389026184147303833e-01 6.350189512998427599e-03 1.490852519484499226e+02 -2.225719241306418558e-03 -1.902212547905752713e-02 9.998165856376443061e-01 -5.867650138382439701e-04
4.407901747507297907e-01 8.974282988998006916e-01 1.806848574261649479e-02 -7.374120875469839120e+01 -8.976073151988288590e-01 4.407502499088333248e-01 6.350189512998428466e-03 1.490802009282149356e+02 -2.264849834190886275e-03 -1.901750612227314646e-02 9.998165856376443061e-01 -9.805277472831460880e-04
4.424410233822071437e-01 8.966155645824323006e-01 1.806848574261649132e-02 -7.375161108273323407e+01 -8.967946540545591594e-01 4.424014280631469731e-01 6.350189512998428466e-03 1.490770966018478418e+02 -2.299845140069627786e-03 -1.901330576764148975e-02 9.998165856376441951e-01 -7.728222745874353036e-04
4.427669214430960953e-01 8.964546743136384555e-01 1.806848574261648785e-02 -7.374243427017394481e+01 -8.966337781671643858e-01 4.427273912271800227e-01 6.350189512998428466e-03 1.490861203856033512e+02 -2.306756484549214638e-03 -1.901246849841232989e-02 9.998165856376440841e-01 -9.959770482398837624e-04
4.438720949169326913e-01 8.959079713770948805e-01 1.806848574261648438e-02 -7.373491537235334192e+01 -8.960871238431925567e-01 4.438327856023963069e-01 6.350189512998428466e-03 1.490789412417648805e+02 -2.330200954312142050e-03 -1.900960934355710660e-02 9.998165856376439731e-01 -1.086259781546341976e-03
4.440705306771366989e-01 8.958096302268100386e-01 1.806848574261648438e-02 -7.371886900957802879e+01 -8.959887913956591232e-01 4.440312610464425269e-01 6.350189512998429334e-03 1.490867734311915456e+02 -2.334411589984384909e-03 -1.900909272981426285e-02 9.998165856376439731e-01 -1.425991457402755796e-03
4.419621060015249681e-01 8.968517306008081391e-01 1.806848574261648438e-02 -7.370021444798260291e+01 -8.970307989007750837e-01 4.419224150420354991e-01 6.350189512998430201e-03 1.490915334293400178e+02 -2.289690401153926524e-03 -1.901453133130013434e-02 9.998165856376439731e-01 -1.793345405939101569e-03
4.401248889915579388e-01 8.977547615652822222e-01 1.806848574261648438e-02 -7.369713545908483354e+01 -8.979337482232533363e-01 4.400848314755770874e-01 6.350189512998431068e-03 1.491072140524158840e+02 -2.250753630921989001e-03 -1.901917958206984435e-02 9.998165856376439731e-01 -1.948581473677991373e-03
4.389533445718567517e-01 8.983281644878717831e-01 1.806848574261648438e-02 -7.369229438259358744e+01 -8.985070987363296124e-01 4.389130535921340615e-01 6.350189512998431936e-03 1.490879413474578996e+02 -2.225940161715733289e-03 -1.902209962855288747e-02 9.998165856376439731e-01 -1.913660661349159652e-03
4.418791129850659360e-01 8.968926241922715592e-01 1.806848574261648438e-02 -7.367055368290330364e+01 -8.970716888186267557e-01 4.418394054554717898e-01 6.350189512998432803e-03 1.490771617495253452e+02 -2.287930861566936369e-03 -1.901474312881508422e-02 9.998165856376439731e-01 -2.238089198845236247e-03
4.448666160142159542e-01 8.954145541474228809e-01 1.806848574261648091e-02 -7.367427433045097018e+01 -8.955937501511991305e-01 4.448275056505153757e-01 6.350189512998432803e-03 1.490652286449614223e+02 -2.351307332236866020e-03 -1.900701022547996583e-02 9.998165856376438621e-01 -2.095059022428989032e-03
4.463463663123650726e-01 8.946778476651334744e-01 1.806848574261647744e-02 -7.366828127661948145e+01 -8.948571080838397807e-01 4.463075522607417578e-01 6.350189512998432803e-03 1.490711984131712029e+02 -2.382727759090140420e-03 -1.900309691361363323e-02 9.998165856376437510e-01 -2.241280408721227010e-03
4.477858200829377688e-01 8.939582703659154639e-01 1.806848574261648091e-02 -7.366347912644384621e+01 -8.941375930257158267e-01 4.477472946108411178e-01 6.350189512998435405e-03 1.490753262146141935e+02 -2.413311175435237967e-03 -1.899923717028265818e-02 9.998165856376439731e-01 -2.354281038077155313e-03
4.482510859636813505e-01 8.937250660887546827e-01 1.806848574261648091e-02 -7.367162173058405017e+01 -8.939044087776862879e-01 4.482126538385136638e-01 6.350189512998436273e-03 1.490670379151336249e+02 -2.423200403360846380e-03 -1.899797841053838671e-02 9.998165856376439731e-01 -2.154487593832693157e-03
4.480176640648710906e-01 8.938421015530791935e-01 1.806848574261648091e-02 -7.367188371846150119e+01 -8.940214341989017877e-01 4.479791851036016848e-01 6.350189512998437140e-03 1.490520681520889354e+02 -2.418238779474539673e-03 -1.899861060939921423e-02 9.998165856376439731e-01 -2.054674730193052547e-03
4.490661680129196531e-01 8.933157933055706490e-01 1.806848574261648091e-02 -7.365730378546511758e+01 -8.934951709782077423e-01 4.490278995026608655e-01 6.350189512998438007e-03 1.490642428346942552e+02 -2.440529617755949135e-03 -1.899576002867447641e-02 9.998165856376439731e-01 -2.395486093169728065e-03
4.499067286898464357e-01 8.928927512879525352e-01 1.806848574261647744e-02 -7.366235179409920875e+01 -8.930721648982120620e-01 4.498686290209273353e-01 6.350189512998438007e-03 1.490571450448868518e+02 -2.458406724053979753e-03 -1.899345466894469467e-02 9.998165856376438621e-01 -2.259178910040442884e-03
4.489155545091005894e-01 8.933914901893543759e-01 1.806848574261647744e-02 -7.366510144936573568e+01 -8.935708614076248724e-01 4.488772557574989830e-01 6.350189512998438875e-03 1.490633105178741289e+02 -2.437327023836706030e-03 -1.899617121582678619e-02 9.998165856376438621e-01 -2.248646793225081951e-03
4.485907324530166163e-01 8.935546343566432848e-01 1.806848574261647744e-02 -7.365691362179998691e+01 -8.937339916395526940e-01 4.485523684935569522e-01 6.350189512998439742e-03 1.490598542920882039e+02 -2.430420806559985443e-03 -1.899705605048242901e-02 9.998165856376438621e-01 -2.374663863459971005e-03
4.462635292838345591e-01 8.947191694906867498e-01 1.806848574261647397e-02 -7.366490427415472197e+01 -8.948984263149661889e-01 4.462246986352778610e-01 6.350189512998439742e-03 1.490514120922014740e+02 -2.380968318116429699e-03 -1.900331744065378650e-02 9.998165856376437510e-01 -2.176638985520111969e-03
4.472549070807478877e-01 8.942240088004570486e-01 1.806848574261647397e-02 -7.366145216952772046e+01 -8.944033085521466697e-01 4.472162751333196851e-01 6.350189512998440609e-03 1.490482237210839287e+02 -2.402028968156357230e-03 -1.900066684930474398e-02 9.998165856376437510e-01 -2.218774256134749441e-03
4.458296844385880586e-01 8.949354291212062718e-01 1.806848574261647744e-02 -7.364234767524844472e+01 -8.951146670979062137e-01 4.457907668843672511e-01 6.350189512998443211e-03 1.490311326613510801e+02 -2.371754538824021648e-03 -1.900446958717075946e-02 9.998165856376439731e-01 -2.455475484763177882e-03
4.451085645438528915e-01 8.952943066906431380e-01 1.806848574261647744e-02 -7.364914420668719686e+01 -8.954735132565343481e-01 4.450695026050954795e-01 6.350189512998444079e-03 1.490152678909856547e+02 -2.356443444899452080e-03 -1.900637414587856219e-02 9.998165856376439731e-01 -2.231887145649527702e-03
4.439444473668162083e-01 8.958721211619105063e-01 1.806848574261647744e-02 -7.363410849607605257e+01 -8.960512768020598706e-01 4.439051525208352333e-01 6.350189512998444946e-03 1.490235045424155373e+02 -2.331736170606680311e-03 -1.900942109357397700e-02 9.998165856376439731e-01 -2.555923398892039934e-03
4.429067407273630241e-01 8.963856027632489676e-01 1.806848574261647744e-02 -7.363865943279823512e+01 -8.965647127803278993e-01 4.428672384476819990e-01 6.350189512998445814e-03 1.490304728196644533e+02 -2.309721929493912217e-03 -1.901210847040763624e-02 9.998165856376439731e-01 -2.517937777613031298e-03
4.411106527588641302e-01 8.972708185635024369e-01 1.806848574261647744e-02 -7.364334983691644254e+01 -8.974498491098081843e-01 4.410707918531110994e-01 6.350189512998446681e-03 1.490155891366971161e+02 -2.271641571721025148e-03 -1.901669604457513832e-02 9.998165856376439731e-01 -2.338642184795338905e-03
4.441298565727057057e-01 8.957802187610959255e-01 1.806848574261647744e-02 -7.364974980762076484e+01 -8.959593825302650805e-01 4.440905988074215771e-01 6.350189512998447548e-03 1.490173216763541006e+02 -2.335670501853756662e-03 -1.900893808682907818e-02 9.998165856376439731e-01 -2.233987165298113517e-03
4.422129578240968084e-01 8.967280690128043297e-01 1.806848574261647744e-02 -7.364474887965108962e+01 -8.969071484081976298e-01 4.421733169554939447e-01 6.350189512998448416e-03 1.490092040583868993e+02 -2.295009093319332494e-03 -1.901389011075094171e-02 9.998165856376439731e-01 -2.272805068293122597e-03
4.397936543007429089e-01 8.979170738212789438e-01 1.806848574261648091e-02 -7.364998420892898423e+01 -8.980960456888246179e-01 4.397535307547230654e-01 6.350189512998451018e-03 1.489972082211147892e+02 -2.243736814984842714e-03 -1.902000864845262290e-02 9.998165856376441951e-01 -2.102003428358663502e-03
4.412362196396709124e-01 8.972090772507050893e-01 1.806848574261648091e-02 -7.364191344746433288e+01 -8.973881133737092730e-01 4.411963837892639573e-01 6.350189512998451885e-03 1.489879323388544776e+02 -2.274302896865831349e-03 -1.901637794679729779e-02 9.998165856376441951e-01 -2.188942202381419060e-03
4.402164776115080058e-01 8.977098543863081259e-01 1.806848574261648091e-02 -7.363281954359088388e+01 -8.978888451301028084e-01 4.401764383563472882e-01 6.350189512998452752e-03 1.489888524204578459e+02 -2.252693997638072904e-03 -1.901894985626536444e-02 9.998165856376441951e-01 -2.359129182148707315e-03
4.389572635718559934e-01 8.983262495221199240e-01 1.806848574261648091e-02 -7.363125370984135998e+01 -8.985051839463471524e-01 4.389169733727438794e-01 6.350189512998453620e-03 1.490011389900404026e+02 -2.226023146611214205e-03 -1.902208991759007928e-02 9.998165856376441951e-01 -2.465462975385884336e-03
4.389846685054640263e-01 8.983128578842217715e-01 1.806848574261648091e-02 -7.363837270673093371e+01 -8.984917935374943099e-01 4.389443837651030300e-01 6.350189512998454487e-03 1.490053352210622108e+02 -2.226603450333296871e-03 -1.902202199970063484e-02 9.998165856376441951e-01 -2.363461635302861394e-03
4.379752935364414901e-01 8.988054139103959228e-01 1.806848574261648091e-02 -7.365227804998720273e+01 -8.989843041978846649e-01 4.379348078184634452e-01 6.350189512998455355e-03 1.490024805558224728e+02 -2.205234117623374943e-03 -1.902451119920301609e-02 9.998165856376441951e-01 -2.094036057141798746e-03
4.354604186294165902e-01 9.000265294034744956e-01 1.806848574261648091e-02 -7.365639639233835112e+01 -9.002053057889559673e-01 4.354194328719855900e-01 6.350189512998456222e-03 1.490252067073334956e+02 -2.152030786467296324e-03 -1.903060291678190796e-02 9.998165856376441951e-01 -2.163952039678260046e-03
4.342983191065943882e-01 9.005878634781597780e-01 1.806848574261648091e-02 -7.366073604509907113e+01 -9.007665868110908969e-01 4.342571026222216135e-01 6.350189512998457089e-03 1.490353755616435478e+02 -2.127464661166867700e-03 -1.903336486272506553e-02 9.998165856376441951e-01 -2.150112699308545997e-03
4.347180284405206541e-01 9.003853428237025280e-01 1.806848574261648091e-02 -7.366567807106875421e+01 -9.005640853478809049e-01 4.346768952620828075e-01 6.350189512998457957e-03 1.490158622787812988e+02 -2.136335723031153669e-03 -1.903237120173500302e-02 9.998165856376441951e-01 -1.936865616761876451e-03
4.355401600133711471e-01 8.999879437184128417e-01 1.806848574261648091e-02 -7.367636618320580055e+01 -9.001667237345645223e-01 4.354991900958362083e-01 6.350189512998458824e-03 1.490111386131842153e+02 -2.153716905141939662e-03 -1.903041217038235408e-02 9.998165856376441951e-01 -1.713710513409655301e-03
4.368332496724961489e-01 8.993610186146254737e-01 1.806848574261648091e-02 -7.367016731445961852e+01 -8.995398573315802615e-01 4.367925367551848681e-01 6.350189512998459691e-03 1.490160439577734337e+02 -2.181066814036146384e-03 -1.902729700811024716e-02 9.998165856376441951e-01 -1.856890814062018896e-03
4.362536612793737612e-01 8.996423027199818012e-01 1.806848574261648091e-02 -7.364869736918417686e+01 -8.998211151666950514e-01 4.362128331368926859e-01 6.350189512998460559e-03 1.490024226425363167e+02 -2.168806240098083028e-03 -1.902869841515815452e-02 9.998165856376441951e-01 -2.158377577996768888e-03
4.372822525393208482e-01 8.991427925736309446e-01 1.806848574261648091e-02 -7.363984866670017482e+01 -8.993216515965406499e-01 4.372416289225213304e-01 6.350189512998461426e-03 1.490093734831995391e+02 -2.190567006175769566e-03 -1.902620561419393966e-02 9.998165856376441951e-01 -2.362436815550733593e-03
4.372440771528961490e-01 8.991613574980198420e-01 1.806848574261648091e-02 -7.365158822887514134e+01 -8.993402147960075643e-01 4.372034459422984853e-01 6.350189512998462293e-03 1.489965466368395539e+02 -2.189759206753836597e-03 -1.902629860216031518e-02 9.998165856376441951e-01 -2.068813943875861660e-03
4.370900401300329419e-01 8.992362462902034892e-01 1.806848574261647744e-02 -7.365229825148847453e+01 -8.994150966252477675e-01 4.370493782809275474e-01 6.350189512998462293e-03 1.490044078855967200e+02 -2.186499879388190907e-03 -1.902667343913712339e-02 9.998165856376440841e-01 -2.105912134167728725e-03
4.383237410144505408e-01 8.986355367367050428e-01 1.806848574261647397e-02 -7.364546740896300037e+01 -8.988144427076710796e-01 4.382833246579744269e-01 6.350189512998462293e-03 1.489976079993283236e+02 -2.212610041415998506e-03 -1.902365476680955084e-02 9.998165856376439731e-01 -2.186169268789319321e-03
4.376805007736004893e-01 8.989490024831994219e-01 1.806848574261647050e-02 -7.365599896427768556e+01 -8.991278794835079191e-01 4.376399563895408962e-01 6.350189512998462293e-03 1.489976608910832852e+02 -2.198994784134482294e-03 -1.902523339729318697e-02 9.998165856376438621e-01 -1.996181037835932388e-03
4.412218586845519930e-01 8.972161396463609329e-01 1.806848574261647050e-02 -7.365266507856563294e+01 -8.973951751317224002e-01 4.411820199684640120e-01 6.350189512998463161e-03 1.489994732458596616e+02 -2.273998516823651315e-03 -1.901641434728467903e-02 9.998165856376438621e-01 -2.067941262442144629e-03
4.406799924120425316e-01 8.974824088029197400e-01 1.806848574261647050e-02 -7.366142841918617989e+01 -8.976614201989482345e-01 4.406400455922682147e-01 6.350189512998464028e-03 1.489956350020368632e+02 -2.262515000928879035e-03 -1.901778403896475095e-02 9.998165856376438621e-01 -1.885193873214291741e-03
4.382648938810435046e-01 8.986642379745656273e-01 1.806848574261647050e-02 -7.365915018236330525e+01 -8.988431412985260494e-01 4.382244658091865586e-01 6.350189512998464895e-03 1.490019181244324216e+02 -2.211364292846173044e-03 -1.902379961643981335e-02 9.998165856376438621e-01 -1.966272051614104295e-03
4.386290257114480173e-01 8.984865650784071844e-01 1.806848574261646703e-02 -7.365746645896476252e+01 -8.986654847704407256e-01 4.385886701403236554e-01 6.350189512998464895e-03 1.490020353482764506e+02 -2.219073170172651370e-03 -1.902290193812580452e-02 9.998165856376437510e-01 -1.997444494933974142e-03
4.363945251283964932e-01 8.995739815384450333e-01 1.806848574261647050e-02 -7.366222415539556323e+01 -8.997528003759824866e-01 4.363537249855059530e-01 6.350189512998467498e-03 1.490063597238728050e+02 -2.171785794906503763e-03 -1.902835858247297826e-02 9.998165856376439731e-01 -1.938929996969281696e-03
4.370476305522743576e-01 8.992568589961446035e-01 1.806848574261647050e-02 -7.366926041695197114e+01 -8.994357074133270125e-01 4.370069602684115706e-01 6.350189512998468365e-03 1.490084295870660469e+02 -2.185602555544708791e-03 -1.902677653601174412e-02 9.998165856376439731e-01 -1.824918517556426778e-03
4.393917335968218763e-01 8.981138203311139767e-01 1.806848574261647050e-02 -7.366728850736313916e+01 -8.982927742228219437e-01 4.393515299531970952e-01 6.350189512998469232e-03 1.490222425947786462e+02 -2.235223891610455763e-03 -1.902101096252521370e-02 9.998165856376439731e-01 -1.948285781895715395e-03
4.404524829756463200e-01 8.975940842405085718e-01 1.806848574261647050e-02 -7.367255556187825505e+01 -8.977730855050021219e-01 4.404124907810599288e-01 6.350189512998470100e-03 1.490427098949410833e+02 -2.257694269874258117e-03 -1.901835693391801946e-02 9.998165856376439731e-01 -1.983095701973898971e-03
4.402443007898628746e-01 8.976962099981339316e-01 1.806848574261646703e-02 -7.367892905738847276e+01 -8.978752019828095676e-01 4.402042670823148596e-01 6.350189512998470100e-03 1.490466829983008665e+02 -2.253283465027127938e-03 -1.901888002770841385e-02 9.998165856376438621e-01 -1.893149751127067666e-03
4.376164993978980955e-01 8.989801606696882219e-01 1.806848574261646356e-02 -7.368301406247485374e+01 -8.991590347830044072e-01 4.375759422788744191e-01 6.350189512998470100e-03 1.490479965004851977e+02 -2.197640285699487342e-03 -1.902538990551314035e-02 9.998165856376437510e-01 -1.827668872628038796e-03
4.363398770387811321e-01 8.996004899558194268e-01 1.806848574261646356e-02 -7.366826571246627964e+01 -8.997793063145014258e-01 4.362990660330863246e-01 6.350189512998470967e-03 1.490423593583369097e+02 -2.170629856929982143e-03 -1.902849047891962478e-02 9.998165856376437510e-01 -2.058394621947981680e-03
4.354356127158291456e-01 9.000385308428519027e-01 1.806848574261646356e-02 -7.366997680439352791e+01 -9.002173060986520259e-01 4.353946220311346038e-01 6.350189512998471834e-03 1.490578273421706399e+02 -2.151506280728622718e-03 -1.903066222195422957e-02 9.998165856376437510e-01 -2.125714758064244092e-03
4.364772752207214945e-01 8.995341025061648343e-01 1.805510023021393226e-02 -7.368763244873119334e+01 -8.997127315202018139e-01 4.364359231742077072e-01 6.378534591414095588e-03 1.490865749898701438e+02 -2.142184947984077190e-03 -1.902848894435835506e-02 9.998166470169123077e-01 -1.989231978115174517e-03
4.323027003265367818e-01 9.015500629580960323e-01 1.794043674601735264e-02 -7.384427271048988928e+01 -9.017266327490626177e-01 4.322572252212041888e-01 6.539956811950164636e-03 1.493942013651922025e+02 -1.858784931533107856e-03 -1.900461060685877321e-02 9.998176682246908697e-01 -1.123123024537735302e-03
4.284956456721537577e-01 9.033830708491810135e-01 1.704432289967084888e-02 -7.400308171344622110e+01 -9.035431584091605517e-01 4.284423458919682237e-01 6.849608644718962330e-03 1.497388151071110656e+02 -1.114689195693877206e-03 -1.833530882453460534e-02 9.998312727247053999e-01 -5.276705713524834944e-04
4.264073995339758838e-01 9.043946548242760564e-01 1.571744088430027456e-02 -7.417100128556056404e+01 -9.045312185355892654e-01 4.263417572108677556e-01 7.482028660168829268e-03 1.500765745214936544e+02 6.570536202819506934e-05 -1.740730833955849224e-02 9.998484791703067254e-01 2.097760426033939626e-05
4.254189109148982517e-01 9.048767446868648534e-01 1.472505215220525597e-02 -7.432377889684148897e+01 -9.049965137730260345e-01 4.253669935054843476e-01 6.650631156114332129e-03 1.504014814593205358e+02 -2.455496925372541227e-04 -1.615542512620261190e-02 9.998694624521435870e-01 -8.716842022839964765e-06
4.235073196471951795e-01 9.057881916025880553e-01 1.375871209678522500e-02 -7.449134788170484001e+01 -9.058926764656705100e-01 4.234568836329538621e-01 6.536545703278291881e-03 1.507497622157798389e+02 9.450456459239646402e-05 -1.523219147662415764e-02 9.998839789754133678e-01 1.424780858140264038e-04
4.247111805047076305e-01 9.052315248704797535e-01 1.327778351096092248e-02 -7.468192664297642125e+01 -9.053283158263175645e-01 4.246485982582816621e-01 7.362646287843509912e-03 1.510924017587421986e+02 1.026507370320056591e-03 -1.514775158043333431e-02 9.998847393098238001e-01 5.249617377328907311e-04
4.222600401390046443e-01 9.063667834364967923e-01 1.398972425693369506e-02 -7.485513136690943270e+01 -9.064738551908185782e-01 4.221877449938329918e-01 7.915670061167058916e-03 1.514520252569649585e+02 1.268210274964182149e-03 -1.602379043799472685e-02 9.998708065458735694e-01 1.769158349692549607e-04
4.170973067313376581e-01 9.087408879929037564e-01 1.482684077385084363e-02 -7.502494225112866388e+01 -9.088598930397735476e-01 4.170071780579654441e-01 8.871768248991780681e-03 1.518209694761053470e+02 1.879239526037699941e-03 -1.717591156243890652e-02 9.998507171177110076e-01 -3.679878266540618386e-04
4.168356590957631447e-01 9.088631110568876625e-01 1.469281001701689716e-02 -7.519153040168994551e+01 -9.089791036475695085e-01 4.167400821163780300e-01 9.202884857248466374e-03 1.521831385397038332e+02 2.241079709045180196e-03 -1.719154785438564009e-02 9.998497028274329068e-01 -1.111202791943850061e-03
4.155147060555768324e-01 9.094737881125627421e-01 1.431634687109207410e-02 -7.534014687889023776e+01 -9.095842735632847509e-01 4.154277225233331539e-01 8.732505106129629172e-03 1.525440155639183786e+02 1.994577123072163987e-03 -1.665040826112457184e-02 9.998593828968332931e-01 -2.248889819658044138e-03
4.153890590813753003e-01 9.095514192743509030e-01 1.296708492701031772e-02 -7.552911119240935989e+01 -9.096378687845428912e-01 4.152924372533316477e-01 9.546687032835345435e-03 1.529322460281296969e+02 3.298070436674354830e-03 -1.576094084126768505e-02 9.998703493329478276e-01 -2.933932000788023065e-03
4.127774904274257861e-01 9.107483259702806588e-01 1.233815783528238209e-02 -7.569883028963143090e+01 -9.108173699681093582e-01 4.126565306980342074e-01 1.123860474609817209e-02 1.533373923849165692e+02 5.144119051238142150e-03 -1.587685153278349179e-02 9.998607221131305955e-01 -4.601191685441831901e-03
4.100577525794167344e-01 9.119678508686163143e-01 1.293362020456577735e-02 -7.586567297352510764e+01 -9.120442487815195731e-01 4.099274721208190364e-01 1.160843939510803648e-02 1.537627149831595545e+02 5.284677291266832479e-03 -1.655616449281105060e-02 9.998489713967869674e-01 -7.323071986872649146e-03
4.091811957672865097e-01 9.123513918301666692e-01 1.362669644530225231e-02 -7.604303648915411884e+01 -9.124382662530959864e-01 4.090435944387744716e-01 1.182151114084915161e-02 1.541861560219764726e+02 5.211459248577016493e-03 -1.727065934369776887e-02 9.998372692685213448e-01 -9.945005261008355371e-03
4.086790448439704959e-01 9.125681315752425249e-01 1.417192783964544775e-02 -7.621497547169352060e+01 -9.126650372616835760e-01 4.085406004713698080e-01 1.170929231952651424e-02 1.545617813303917103e+02 4.895719104652949266e-03 -1.771956545078283776e-02 9.998310101885634626e-01 -1.204284509005547690e-02
4.072218878876293080e-01 9.132200540605841521e-01 1.412327464931214735e-02 -7.639774394498712695e+01 -9.133155515826716364e-01 4.070823692133633265e-01 1.177488483496941761e-02 1.550108681592836035e+02 5.003724860254876207e-03 -1.769399720864575296e-02 9.998309283075326181e-01 -1.471160342448831621e-02
4.057484396565370077e-01 9.138780899360444687e-01 1.396568835158838034e-02 -7.659186179674148320e+01 -9.139601226744124007e-01 4.055778493046015010e-01 1.354630261099072121e-02 1.554620075319170951e+02 6.715495310132280245e-03 -1.826047338657509414e-02 9.998107107019992279e-01 -1.728257252520396317e-02
4.065946108708076157e-01 9.134902977398108304e-01 1.470708489299520083e-02 -7.680889852490039971e+01 -9.135847143792342751e-01 4.064146588899362200e-01 1.378748316379100822e-02 1.559170427380992976e+02 6.617557210322067528e-03 -1.904208430318758694e-02 9.997967828323703898e-01 -2.041614297183678636e-02
4.081501244558076724e-01 9.127854218983862955e-01 1.537040911931255791e-02 -7.701403829912754873e+01 -9.128808546891270526e-01 4.079318430089637348e-01 1.549698684780945190e-02 1.563756803400007698e+02 7.875344358188506033e-03 -2.035644932438303994e-02 9.997617685839680357e-01 -2.372326517585351610e-02
4.079772652614824802e-01 9.128653809267273100e-01 1.521010635284111498e-02 -7.721468599522737009e+01 -9.129599586119494514e-01 4.077665292807060027e-01 1.518458328822962049e-02 1.567958551967334984e+02 7.659308130134876921e-03 -2.008118283044029589e-02 9.997690138702530760e-01 -2.715148893712027167e-02
4.079682479361730341e-01 9.128690564298976851e-01 1.523136529268669798e-02 -7.742819059233259793e+01 -9.129637213441086363e-01 4.077564625206085425e-01 1.522861721230462859e-02 1.572619665694831497e+02 7.691045794223489579e-03 -2.011847622135731067e-02 9.997680204573069496e-01 -3.098265321524629190e-02
4.071715997178337876e-01 9.132202478784104960e-01 1.549410365643570132e-02 -7.764554528387290588e+01 -9.133262071180990871e-01 4.069749634282175399e-01 1.437423159235826087e-02 1.577358559668222711e+02 6.821127068904125207e-03 -2.000394979740222762e-02 9.997766321624110830e-01 -3.488963108230286325e-02
4.060126642053784596e-01 9.137314224345772784e-01 1.576718619590030887e-02 -7.786477370040226731e+01 -9.138485065356720671e-01 4.058327250919976925e-01 1.344270608646994970e-02 1.582244298827946523e+02 5.884182812844954494e-03 -1.986672846969089051e-02 9.997853217028825901e-01 -3.851656803139621998e-02
4.060449643162572508e-01 9.137032241574775115e-01 1.655007908262544347e-02 -7.809277609132772113e+01 -9.138432354237996380e-01 4.058898459074553045e-01 1.199891909242304169e-02 1.587202456618192059e+02 4.245942012548580176e-03 -1.999627849010276320e-02 9.997910385790482746e-01 -4.158737690704546186e-02
4.078198819432649058e-01 9.128993546902225420e-01 1.725433562784072297e-02 -7.831300294892493241e+01 -9.130536789781885654e-01 4.076605771320246929e-01 1.207613997857019672e-02 1.591921670928654464e+02 3.990387973510300772e-03 -2.067902460371524864e-02 9.997782027756253465e-01 -4.360557379208693241e-02
4.094354891305553856e-01 9.121709868705328850e-01 1.751202307165931893e-02 -7.852607904699935659e+01 -9.123271997067511352e-01 4.092568127088129781e-01 1.295924097561322597e-02 1.596344758996619078e+02 4.654128883427647440e-03 -2.128266813777790478e-02 9.997626653967796040e-01 -4.527083969762438209e-02
4.108749014876753591e-01 9.115237861208694836e-01 1.749864747256928144e-02 -7.878744477653994238e+01 -9.116715350068188561e-01 4.106623516318204659e-01 1.454115574965911782e-02 1.601438487096438053e+02 6.068573622040988012e-03 -2.192761473801856792e-02 9.997411425594597834e-01 -4.729536249206321707e-02
4.099867944767818240e-01 9.119316791512761533e-01 1.707164066479154724e-02 -7.902662367769183049e+01 -9.120682800728558970e-01 4.097711214372948829e-01 1.480136888825875352e-02 1.606757840358515921e+02 6.502371844021073363e-03 -2.163886772352383026e-02 9.997447066946868466e-01 -5.084592873555320719e-02
4.096962594488844367e-01 9.120794298643156717e-01 1.612726300331250931e-02 -7.925067625334880006e+01 -9.121906596404286693e-01 4.094716134875999725e-01 1.553055738288758314e-02 1.611881451073389826e+02 7.561445520153862662e-03 -2.107394994411162376e-02 9.997493251687636917e-01 -5.460558871300740663e-02
4.094634360504975645e-01 9.121809862644121303e-01 1.629548512335462704e-02 -7.950714408721479742e+01 -9.122940675887868389e-01 4.092328762094349370e-01 1.574761161769284643e-02 1.617208868220532452e+02 7.696023650477469384e-03 -2.131434556908700512e-02 9.997432019738532460e-01 -5.874427774016175580e-02
4.099043968486686951e-01 9.119743515262832556e-01 1.676805302788345747e-02 -7.973255098575540956e+01 -9.121056676389203144e-01 4.096948227981908608e-01 1.460832753333537667e-02 1.622048444051620493e+02 6.452635515167662837e-03 -2.128225388852209368e-02 9.997526839995646286e-01 -6.269335315129705155e-02
4.089045568953124654e-01 9.124053556696871681e-01 1.770678670795992893e-02 -7.997455451948773941e+01 -9.125653755046614357e-01 4.087237164922457588e-01 1.301380062876377960e-02 1.627426032396066375e+02 4.636677720888701670e-03 -2.148000284075898825e-02 9.997585261940373780e-01 -6.649212174850539780e-02
4.080822443525459198e-01 9.127608254865470228e-01 1.834549812100341737e-02 -8.021958684918719484e+01 -9.129418557195361217e-01 4.079442232336600860e-01 1.089398024865382425e-02 1.633103357736557655e+02 2.459658423788064954e-03 -2.119401300849108050e-02 9.997723560356299721e-01 -6.954248114043286300e-02
4.049204379951958366e-01 9.140304052456571515e-01 2.424576623330516184e-02 -8.047186860281212262e+01 -9.143012997345669746e-01 4.050346725104964629e-01 2.176419064238363510e-04 1.638572781667521667e+02 -9.621444666145796340e-03 -2.225606323624662597e-02 9.997060045092062142e-01 -7.087292919935757329e-02
4.053771420590984165e-01 9.134986096959786250e-01 3.449148850821771861e-02 -8.071716204173493736e+01 -9.137210995400328883e-01 4.060536668034657737e-01 -1.530267724339216297e-02 1.644038735755814571e+02 -2.798436976873641333e-02 -2.531224523772198504e-02 9.992878290511056916e-01 -6.504284987045802491e-02
4.057717344675974003e-01 9.129194715364699064e-01 4.390145779732947812e-02 -8.095566132011984450e+01 -9.131567943004597065e-01 4.069721043122290771e-01 -2.276785748782970617e-02 1.649617011788280934e+02 -3.865188908796081402e-02 -3.085036144437856495e-02 9.987763947294122646e-01 -4.826845274256874596e-02
4.052535819321000932e-01 9.128256630128693816e-01 5.018807902598633464e-02 -8.117533847400738978e+01 -9.132455734139658388e-01 4.067316412808892334e-01 -2.349243752259158949e-02 1.654747940903318408e+02 -4.185757961232244168e-02 -3.631364655428599014e-02 9.984634505593723564e-01 -2.691615236772645567e-02
4.047886881406353998e-01 9.132186832114310704e-01 4.666641819300314936e-02 -8.143792062862753767e+01 -9.138653090463696449e-01 4.057819377023617613e-01 -1.382808577143028635e-02 1.660551474998117953e+02 -3.156445587950584136e-02 -3.704936798512247637e-02 9.988148123936356759e-01 -6.248023270806479790e-05
4.044422960256574551e-01 9.140521169926977274e-01 3.058033038838918125e-02 -8.173021611992750479e+01 -9.145608378216329992e-01 4.042959133079023770e-01 1.110353121867622798e-02 1.666925784348255490e+02 -2.214296387105720021e-03 -3.245831024094152084e-02 9.994706373815154254e-01 2.241899781210981296e-02
4.058854928228887160e-01 9.137515918855949604e-01 1.774809968596809118e-02 -8.202097303494048219e+01 -9.136304273702937628e-01 4.051864933858063678e-01 3.321667895637424317e-02 1.673183549408647934e+02 2.316050299752049971e-02 -2.969737200924922604e-02 9.992905769577968833e-01 2.436314052166992095e-02
4.051640736448208213e-01 9.141952285976614467e-01 9.442321579175919077e-03 -8.230408081787521724e+01 -9.132466201111120174e-01 4.042181925218036320e-01 5.087498098317461137e-02 1.679517190036047793e+02 4.269290670787079245e-02 -2.923588280993043645e-02 9.986603921619987556e-01 8.338146440477572224e-03
4.037736381309872113e-01 9.148116329079994946e-01 9.301905539562498049e-03 -8.254945108903375228e+01 -9.135677612624673039e-01 4.026429420577153917e-01 5.720670234328049247e-02 1.685214560872360892e+02 4.858801017074580730e-02 -3.159647934987588197e-02 9.983190210350298965e-01 -1.836612509988989200e-02
4.031833662488418235e-01 9.150278490777425944e-01 1.293091614747672938e-02 -8.284355799515437013e+01 -9.140978313711967118e-01 4.020257359985671131e-01 5.291939415079763981e-02 1.691217224820788374e+02 4.322415832297645671e-02 -3.315634188161912382e-02 9.985150620447844627e-01 -5.002284569849262813e-02
4.025164856870456775e-01 9.152746148819584926e-01 1.590151259577552573e-02 -8.314530354162515380e+01 -9.148925021948887126e-01 4.016414813568827125e-01 4.069188962220825212e-02 1.697379763782386703e+02 3.085754652800332815e-02 -3.092733105412904041e-02 9.990452001867284881e-01 -7.877547804213014260e-02
4.036274765875471071e-01 9.147295799104325775e-01 1.883230682771280459e-02 -8.342759708341688452e+01 -9.148656465759804624e-01 4.032851747849233726e-01 1.954268440640608007e-02 1.703775285946076679e+02 1.028148134677647763e-02 -2.511699495515722774e-02 9.996316460105383328e-01 -1.003317538558701344e-01
4.040290558668009346e-01 9.144702297408148217e-01 2.246599504057342905e-02 -8.372018786426558279e+01 -9.147219005437203787e-01 4.040753125245848953e-01 2.643193871826793329e-03 1.710017595017430665e+02 -6.660831859976559452e-03 -2.161806480562623520e-02 9.997441135575604321e-01 -1.070232069342756942e-01
