5.296332285147237195e-01 8.481792595078608832e-01 8.977031525163844602e-03 -8.770819075496970596e-01 -8.482199529723897236e-01 5.295569020531615267e-01 9.612436382706545518e-03 1.468823199667664170e+00 3.399220169263045092e-03 -1.270556297534375725e-02 9.999135032888952779e-01 1.798601252651069071e+00
5.296332285147237195e-01 8.481792595078608832e-01 8.977031525163844602e-03 -8.770819075496970596e-01 -8.482199529723897236e-01 5.295569020531615267e-01 9.612436382706545518e-03 1.468823199667664170e+00 3.399220169263045092e-03 -1.270556297534375725e-02 9.999135032888952779e-01 1.798601252651069071e+00
5.296332285147237195e-01 8.481792595078608832e-01 8.977031525163844602e-03 -8.770819075496970596e-01 -8.482199529723897236e-01 5.295569020531615267e-01 9.612436382706545518e-03 1.468823199667664170e+00 3.399220169263045092e-03 -1.270556297534375725e-02 9.999135032888952779e-01 1.798601252651069071e+00
5.296332285147237195e-01 8.481792595078608832e-01 8.977031525163844602e-03 -8.770819075496970596e-01 -8.482199529723897236e-01 5.295569020531615267e-01 9.612436382706545518e-03 1.468823199667664170e+00 3.399220169263045092e-03 -1.270556297534375725e-02 9.999135032888952779e-01 1.798601252651069071e+00
5.296332285147237195e-01 8.481792595078608832e-01 8.977031525163844602e-03 -8.770819075496970596e-01 -8.482199529723897236e-01 5.295569020531615267e-01 9.612436382706545518e-03 1.468823199667664170e+00 3.399220169263045092e-03 -1.270556297534375725e-02 9.999135032888952779e-01 1.798601252651069071e+00
5.296332285147237195e-01 8.481792595078608832e-01 8.977031525163844602e-03 -8.770819075496970596e-01 -8.482199529723897236e-01 5.295569020531615267e-01 9.612436382706545518e-03 1.468823199667664170e+00 3.399220169263045092e-03 -1.270556297534375725e-02 9.999135032888952779e-01 1.798601252651069071e+00
5.296332285147237195e-01 8.481792595078608832e-01 8.977031525163844602e-03 -8.770819075496970596e-01 -8.482199529723897236e-01 5.295569020531615267e-01 9.612436382706545518e-03 1.468823199667664170e+00 3.399220169263045092e-03 -1.270556297534375725e-02 9.999135032888952779e-01 1.798601252651069071e+00
5.296332285147237195e-01 8.481792595078608832e-01 8.977031525163844602e-03 -8.770819075496970596e-01 -8.482199529723897236e-01 5.295569020531615267e-01 9.612436382706545518e-03 1.468823199667664170e+00 3.399220169263045092e-03 -1.270556297534375725e-02 9.999135032888952779e-01 1.798601252651069071e+00
5.296332285147237195e-01 8.481792595078608832e-01 8.977031525163844602e-03 -8.770819075496970596e-01 -8.482199529723897236e-01 5.295569020531615267e-01 9.612436382706545518e-03 1.468823199667664170e+00 3.399220169263045092e-03 -1.270556297534375725e-02 9.999135032888952779e-01 1.798601252651069071e+00
5.296332285147237195e-01 8.481792595078608832e-01 8.977031525163844602e-03 -8.770819075496970596e-01 -8.482199529723897236e-01 5.295569020531615267e-01 9.612436382706545518e-03 1.468823199667664170e+00 3.399220169263045092e-03 -1.270556297534375725e-02 9.999135032888952779e-01 1.798601252651069071e+00
5.296332285147237195e-01 8.481792595078608832e-01 8.977031525163844602e-03 -8.770819075496970596e-01 -8.482199529723897236e-01 5.295569020531615267e-01 9.612436382706545518e-03 1.468823199667664170e+00 3.399220169263045092e-03 -1.270556297534375725e-02 9.999135032888952779e-01 1.798601252651069071e+00
5.296332285147237195e-01 8.481792595078608832e-01 8.977031525163844602e-03 -8.770819075496970596e-01 -8.482199529723897236e-01 5.295569020531615267e-01 9.612436382706545518e-03 1.468823199667664170e+00 3.399220169263045092e-03 -1.270556297534375725e-02 9.999135032888952779e-01 1.798601252651069071e+00
5.296332285147237195e-01 8.481792595078608832e-01 8.977031525163844602e-03 -8.770819075496970596e-01 -8.482199529723897236e-01 5.295569020531615267e-01 9.612436382706545518e-03 1.468823199667664170e+00 3.399220169263045092e-03 -1.270556297534375725e-02 9.999135032888952779e-01 1.798601252651069071e+00
5.296332285147237195e-01 8.481792595078608832e-01 8.977031525163844602e-03 -8.770819075496970596e-01 -8.482199529723897236e-01 5.295569020531615267e-01 9.612436382706545518e-03 1.468823199667664170e+00 3.399220169263045092e-03 -1.270556297534375725e-02 9.999135032888952779e-01 1.798601252651069071e+00
5.296332285147237195e-01 8.481792595078608832e-01 8.977031525163844602e-03 -8.770819075496970596e-01 -8.482199529723897236e-01 5.295569020531615267e-01 9.612436382706545518e-03 1.468823199667664170e+00 3.399220169263045092e-03 -1.270556297534375725e-02 9.999135032888952779e-01 1.798601252651069071e+00
5.296332285147237195e-01 8.481792595078608832e-01 8.977031525163844602e-03 -8.770819075496970596e-01 -8.482199529723897236e-01 5.295569020531615267e-01 9.612436382706545518e-03 1.468823199667664170e+00 3.399220169263045092e-03 -1.270556297534375725e-02 9.999135032888952779e-01 1.798601252651069071e+00
5.296332285147237195e-01 8.481792595078608832e-01 8.977031525163844602e-03 -8.770819075496970596e-01 -8.482199529723897236e-01 5.295569020531615267e-01 9.612436382706545518e-03 1.468823199667664170e+00 3.399220169263045092e-03 -1.270556297534375725e-02 9.999135032888952779e-01 1.798601252651069071e+00
5.296332285147237195e-01 8.481792595078608832e-01 8.977031525163844602e-03 -8.770819075496970596e-01 -8.482199529723897236e-01 5.295569020531615267e-01 9.612436382706545518e-03 1.468823199667664170e+00 3.399220169263045092e-03 -1.270556297534375725e-02 9.999135032888952779e-01 1.798601252651069071e+00
5.296332285147237195e-01 8.481792595078608832e-01 8.977031525163844602e-03 -8.770819075496970596e-01 -8.482199529723897236e-01 5.295569020531615267e-01 9.612436382706545518e-03 1.468823199667664170e+00 3.399220169263045092e-03 -1.270556297534375725e-02 9.999135032888952779e-01 1.798601252651069071e+00
5.296332285147237195e-01 8.481792595078608832e-01 8.977031525163844602e-03 -8.770819075496970596e-01 -8.482199529723897236e-01 5.295569020531615267e-01 9.612436382706545518e-03 1.468823199667664170e+00 3.399220169263045092e-03 -1.270556297534375725e-02 9.999135032888952779e-01 1.798601252651069071e+00
5.296332285147237195e-01 8.481792595078608832e-01 8.977031525163844602e-03 -8.770819075496970596e-01 -8.482199529723897236e-01 5.295569020531615267e-01 9.612436382706545518e-03 1.468823199667664170e+00 3.399220169263045092e-03 -1.270556297534375725e-02 9.999135032888952779e-01 1.798601252651069071e+00
5.296332285147237195e-01 8.481792595078608832e-01 8.977031525163844602e-03 -8.770819075496970596e-01 -8.482199529723897236e-01 5.295569020531615267e-01 9.612436382706545518e-03 1.468823199667664170e+00 3.399220169263045092e-03 -1.270556297534375725e-02 9.999135032888952779e-01 1.798601252651069071e+00
5.296332285147237195e-01 8.481792595078608832e-01 8.977031525163844602e-03 -8.770819075496970596e-01 -8.482199529723897236e-01 5.295569020531615267e-01 9.612436382706545518e-03 1.468823199667664170e+00 3.399220169263045092e-03 -1.270556297534375725e-02 9.999135032888952779e-01 1.798601252651069071e+00
5.296332285147237195e-01 8.481792595078608832e-01 8.977031525163844602e-03 -8.770819075496970596e-01 -8.482199529723897236e-01 5.295569020531615267e-01 9.612436382706545518e-03 1.468823199667664170e+00 3.399220169263045092e-03 -1.270556297534375725e-02 9.999135032888952779e-01 1.798601252651069071e+00
5.296332285147237195e-01 8.481792595078608832e-01 8.977031525163844602e-03 -8.770819075496970596e-01 -8.482199529723897236e-01 5.295569020531615267e-01 9.612436382706545518e-03 1.468823199667664170e+00 3.399220169263045092e-03 -1.270556297534375725e-02 9.999135032888952779e-01 1.798601252651069071e+00
5.296332285147237195e-01 8.481792595078608832e-01 8.977031525163844602e-03 -8.770819075496970596e-01 -8.482199529723897236e-01 5.295569020531615267e-01 9.612436382706545518e-03 1.468823199667664170e+00 3.399220169263045092e-03 -1.270556297534375725e-02 9.999135032888952779e-01 1.798601252651069071e+00
5.296332285147237195e-01 8.481792595078608832e-01 8.977031525163844602e-03 -8.770819075496970596e-01 -8.482199529723897236e-01 5.295569020531615267e-01 9.612436382706545518e-03 1.468823199667664170e+00 3.399220169263045092e-03 -1.270556297534375725e-02 9.999135032888952779e-01 1.798601252651069071e+00
5.296332285147237195e-01 8.481792595078608832e-01 8.977031525163844602e-03 -8.770819075496970596e-01 -8.482199529723897236e-01 5.295569020531615267e-01 9.612436382706545518e-03 1.468823199667664170e+00 3.399220169263045092e-03 -1.270556297534375725e-02 9.999135032888952779e-01 1.798601252651069071e+00
5.296332285147237195e-01 8.481792595078608832e-01 8.977031525163844602e-03 -8.770819075496970596e-01 -8.482199529723897236e-01 5.295569020531615267e-01 9.612436382706545518e-03 1.468823199667664170e+00 3.399220169263045092e-03 -1.270556297534375725e-02 9.999135032888952779e-01 1.798601252651069071e+00
5.296332285147237195e-01 8.481792595078608832e-01 8.977031525163844602e-03 -8.770819075496970596e-01 -8.482199529723897236e-01 5.295569020531615267e-01 9.612436382706545518e-03 1.468823199667664170e+00 3.399220169263045092e-03 -1.270556297534375725e-02 9.999135032888952779e-01 1.798601252651069071e+00
5.296332285147237195e-01 8.481792595078608832e-01 8.977031525163844602e-03 -8.770819075496970596e-01 -8.482199529723897236e-01 5.295569020531615267e-01 9.612436382706545518e-03 1.468823199667664170e+00 3.399220169263045092e-03 -1.270556297534375725e-02 9.999135032888952779e-01 1.798601252651069071e+00
5.296332285147237195e-01 8.481792595078608832e-01 8.977031525163844602e-03 -8.770819075496970596e-01 -8.482199529723897236e-01 5.295569020531615267e-01 9.612436382706545518e-03 1.468823199667664170e+00 3.399220169263045092e-03 -1.270556297534375725e-02 9.999135032888952779e-01 1.798601252651069071e+00
5.296332285147237195e-01 8.481792595078608832e-01 8.977031525163844602e-03 -8.770819075496970596e-01 -8.482199529723897236e-01 5.295569020531615267e-01 9.612436382706545518e-03 1.468823199667664170e+00 3.399220169263045092e-03 -1.270556297534375725e-02 9.999135032888952779e-01 1.798601252651069071e+00
5.296332285147237195e-01 8.481792595078608832e-01 8.977031525163844602e-03 -8.770819075496970596e-01 -8.482199529723897236e-01 5.295569020531615267e-01 9.612436382706545518e-03 1.468823199667664170e+00 3.399220169263045092e-03 -1.270556297534375725e-02 9.999135032888952779e-01 1.798601252651069071e+00
5.296332285147237195e-01 8.481792595078608832e-01 8.977031525163844602e-03 -8.770819075496970596e-01 -8.482199529723897236e-01 5.295569020531615267e-01 9.612436382706545518e-03 1.468823199667664170e+00 3.399220169263045092e-03 -1.270556297534375725e-02 9.999135032888952779e-01 1.798601252651069071e+00
5.296332285147237195e-01 8.481792595078608832e-01 8.977031525163844602e-03 -8.770819075496970596e-01 -8.482199529723897236e-01 5.295569020531615267e-01 9.612436382706545518e-03 1.468823199667664170e+00 3.399220169263045092e-03 -1.270556297534375725e-02 9.999135032888952779e-01 1.798601252651069071e+00
5.296332285147237195e-01 8.481792595078608832e-01 8.977031525163844602e-03 -8.770819075496970596e-01 -8.482199529723897236e-01 5.295569020531615267e-01 9.612436382706545518e-03 1.468823199667664170e+00 3.399220169263045092e-03 -1.270556297534375725e-02 9.999135032888952779e-01 1.798601252651069071e+00
5.296332285147237195e-01 8.481792595078608832e-01 8.977031525163844602e-03 -8.770819075496970596e-01 -8.482199529723897236e-01 5.295569020531615267e-01 9.612436382706545518e-03 1.468823199667664170e+00 3.399220169263045092e-03 -1.270556297534375725e-02 9.999135032888952779e-01 1.798601252651069071e+00
5.296332285147237195e-01 8.481792595078608832e-01 8.977031525163844602e-03 -8.770819075496970596e-01 -8.482199529723897236e-01 5.295569020531615267e-01 9.612436382706545518e-03 1.468823199667664170e+00 3.399220169263045092e-03 -1.270556297534375725e-02 9.999135032888952779e-01 1.798601252651069071e+00
5.296332285147237195e-01 8.481792595078608832e-01 8.977031525163844602e-03 -8.770819075496970596e-01 -8.482199529723897236e-01 5.295569020531615267e-01 9.612436382706545518e-03 1.468823199667664170e+00 3.399220169263045092e-03 -1.270556297534375725e-02 9.999135032888952779e-01 1.798601252651069071e+00
5.296332285147237195e-01 8.481792595078608832e-01 8.977031525163844602e-03 -8.770819075496970596e-01 -8.482199529723897236e-01 5.295569020531615267e-01 9.612436382706545518e-03 1.468823199667664170e+00 3.399220169263045092e-03 -1.270556297534375725e-02 9.999135032888952779e-01 1.798601252651069071e+00
5.296332285147237195e-01 8.481792595078608832e-01 8.977031525163844602e-03 -8.770819075496970596e-01 -8.482199529723897236e-01 5.295569020531615267e-01 9.612436382706545518e-03 1.468823199667664170e+00 3.399220169263045092e-03 -1.270556297534375725e-02 9.999135032888952779e-01 1.798601252651069071e+00
5.296332285147237195e-01 8.481792595078608832e-01 8.977031525163844602e-03 -8.770819075496970596e-01 -8.482199529723897236e-01 5.295569020531615267e-01 9.612436382706545518e-03 1.468823199667664170e+00 3.399220169263045092e-03 -1.270556297534375725e-02 9.999135032888952779e-01 1.798601252651069071e+00
5.296332285147237195e-01 8.481792595078608832e-01 8.977031525163844602e-03 -8.770819075496970596e-01 -8.482199529723897236e-01 5.295569020531615267e-01 9.612436382706545518e-03 1.468823199667664170e+00 3.399220169263045092e-03 -1.270556297534375725e-02 9.999135032888952779e-01 1.798601252651069071e+00
5.296332285147237195e-01 8.481792595078608832e-01 8.977031525163844602e-03 -8.770819075496970596e-01 -8.482199529723897236e-01 5.295569020531615267e-01 9.612436382706545518e-03 1.468823199667664170e+00 3.399220169263045092e-03 -1.270556297534375725e-02 9.999135032888952779e-01 1.798601252651069071e+00
5.296332285147237195e-01 8.481792595078608832e-01 8.977031525163844602e-03 -8.770819075496970596e-01 -8.482199529723897236e-01 5.295569020531615267e-01 9.612436382706545518e-03 1.468823199667664170e+00 3.399220169263045092e-03 -1.270556297534375725e-02 9.999135032888952779e-01 1.798601252651069071e+00
5.296332285147237195e-01 8.481792595078608832e-01 8.977031525163844602e-03 -8.770819075496970596e-01 -8.482199529723897236e-01 5.295569020531615267e-01 9.612436382706545518e-03 1.468823199667664170e+00 3.399220169263045092e-03 -1.270556297534375725e-02 9.999135032888952779e-01 1.798601252651069071e+00
5.296332285147237195e-01 8.481792595078608832e-01 8.977031525163844602e-03 -8.770819075496970596e-01 -8.482199529723897236e-01 5.295569020531615267e-01 9.612436382706545518e-03 1.468823199667664170e+00 3.399220169263045092e-03 -1.270556297534375725e-02 9.999135032888952779e-01 1.798601252651069071e+00
5.296332285147237195e-01 8.481792595078608832e-01 8.977031525163844602e-03 -8.770819075496970596e-01 -8.482199529723897236e-01 5.295569020531615267e-01 9.612436382706545518e-03 1.468823199667664170e+00 3.399220169263045092e-03 -1.270556297534375725e-02 9.999135032888952779e-01 1.798601252651069071e+00
5.296332285147237195e-01 8.481792595078608832e-01 8.977031525163844602e-03 -8.770819075496970596e-01 -8.482199529723897236e-01 5.295569020531615267e-01 9.612436382706545518e-03 1.468823199667664170e+00 3.399220169263045092e-03 -1.270556297534375725e-02 9.999135032888952779e-01 1.798601252651069071e+00
5.296332285147237195e-01 8.481792595078608832e-01 8.977031525163844602e-03 -8.770819075496970596e-01 -8.482199529723897236e-01 5.295569020531615267e-01 9.612436382706545518e-03 1.468823199667664170e+00 3.399220169263045092e-03 -1.270556297534375725e-02 9.999135032888952779e-01 1.798601252651069071e+00
5.296332285147237195e-01 8.481792595078608832e-01 8.977031525163844602e-03 -8.770819075496970596e-01 -8.482199529723897236e-01 5.295569020531615267e-01 9.612436382706545518e-03 1.468823199667664170e+00 3.399220169263045092e-03 -1.270556297534375725e-02 9.999135032888952779e-01 1.798601252651069071e+00
5.296332285147237195e-01 8.481792595078608832e-01 8.977031525163844602e-03 -8.770819075496970596e-01 -8.482199529723897236e-01 5.295569020531615267e-01 9.612436382706545518e-03 1.468823199667664170e+00 3.399220169263045092e-03 -1.270556297534375725e-02 9.999135032888952779e-01 1.798601252651069071e+00
5.296332285147237195e-01 8.481792595078608832e-01 8.977031525163844602e-03 -8.770819075496970596e-01 -8.482199529723897236e-01 5.295569020531615267e-01 9.612436382706545518e-03 1.468823199667664170e+00 3.399220169263045092e-03 -1.270556297534375725e-02 9.999135032888952779e-01 1.798601252651069071e+00
5.296332285147237195e-01 8.481792595078608832e-01 8.977031525163844602e-03 -8.770819075496970596e-01 -8.482199529723897236e-01 5.295569020531615267e-01 9.612436382706545518e-03 1.468823199667664170e+00 3.399220169263045092e-03 -1.270556297534375725e-02 9.999135032888952779e-01 1.798601252651069071e+00
5.296332285147237195e-01 8.481792595078608832e-01 8.977031525163844602e-03 -8.770819075496970596e-01 -8.482199529723897236e-01 5.295569020531615267e-01 9.612436382706545518e-03 1.468823199667664170e+00 3.399220169263045092e-03 -1.270556297534375725e-02 9.999135032888952779e-01 1.798601252651069071e+00
5.296332285147237195e-01 8.481792595078608832e-01 8.977031525163844602e-03 -8.770819075496970596e-01 -8.482199529723897236e-01 5.295569020531615267e-01 9.612436382706545518e-03 1.468823199667664170e+00 3.399220169263045092e-03 -1.270556297534375725e-02 9.999135032888952779e-01 1.798601252651069071e+00
5.296332285147237195e-01 8.481792595078608832e-01 8.977031525163844602e-03 -8.770819075496970596e-01 -8.482199529723897236e-01 5.295569020531615267e-01 9.612436382706545518e-03 1.468823199667664170e+00 3.399220169263045092e-03 -1.270556297534375725e-02 9.999135032888952779e-01 1.798601252651069071e+00
5.296332285147237195e-01 8.481792595078608832e-01 8.977031525163844602e-03 -8.770819075496970596e-01 -8.482199529723897236e-01 5.295569020531615267e-01 9.612436382706545518e-03 1.468823199667664170e+00 3.399220169263045092e-03 -1.270556297534375725e-02 9.999135032888952779e-01 1.798601252651069071e+00
5.296332285147237195e-01 8.481792595078608832e-01 8.977031525163844602e-03 -8.770819075496970596e-01 -8.482199529723897236e-01 5.295569020531615267e-01 9.612436382706545518e-03 1.468823199667664170e+00 3.399220169263045092e-03 -1.270556297534375725e-02 9.999135032888952779e-01 1.798601252651069071e+00
5.296332285147237195e-01 8.481792595078608832e-01 8.977031525163844602e-03 -8.770819075496970596e-01 -8.482199529723897236e-01 5.295569020531615267e-01 9.612436382706545518e-03 1.468823199667664170e+00 3.399220169263045092e-03 -1.270556297534375725e-02 9.999135032888952779e-01 1.798601252651069071e+00
5.296332285147237195e-01 8.481792595078608832e-01 8.977031525163844602e-03 -8.770819075496970596e-01 -8.482199529723897236e-01 5.295569020531615267e-01 9.612436382706545518e-03 1.468823199667664170e+00 3.399220169263045092e-03 -1.270556297534375725e-02 9.999135032888952779e-01 1.798601252651069071e+00
5.296332285147237195e-01 8.481792595078608832e-01 8.977031525163844602e-03 -8.770819075496970596e-01 -8.482199529723897236e-01 5.295569020531615267e-01 9.612436382706545518e-03 1.468823199667664170e+00 3.399220169263045092e-03 -1.270556297534375725e-02 9.999135032888952779e-01 1.798601252651069071e+00
5.296332285147237195e-01 8.481792595078608832e-01 8.977031525163844602e-03 -8.770819075496970596e-01 -8.482199529723897236e-01 5.295569020531615267e-01 9.612436382706545518e-03 1.468823199667664170e+00 3.399220169263045092e-03 -1.270556297534375725e-02 9.999135032888952779e-01 1.798601252651069071e+00
5.296332285147237195e-01 8.481792595078608832e-01 8.977031525163844602e-03 -8.770819075496970596e-01 -8.482199529723897236e-01 5.295569020531615267e-01 9.612436382706545518e-03 1.468823199667664170e+00 3.399220169263045092e-03 -1.270556297534375725e-02 9.999135032888952779e-01 1.798601252651069071e+00
5.296332285147237195e-01 8.481792595078608832e-01 8.977031525163844602e-03 -8.770819075496970596e-01 -8.482199529723897236e-01 5.295569020531615267e-01 9.612436382706545518e-03 1.468823199667664170e+00 3.399220169263045092e-03 -1.270556297534375725e-02 9.999135032888952779e-01 1.798601252651069071e+00
5.296332285147237195e-01 8.481792595078608832e-01 8.977031525163844602e-03 -8.770819075496970596e-01 -8.482199529723897236e-01 5.295569020531615267e-01 9.612436382706545518e-03 1.468823199667664170e+00 3.399220169263045092e-03 -1.270556297534375725e-02 9.999135032888952779e-01 1.798601252651069071e+00
5.296332285147237195e-01 8.481792595078608832e-01 8.977031525163844602e-03 -8.770819075496970596e-01 -8.482199529723897236e-01 5.295569020531615267e-01 9.612436382706545518e-03 1.468823199667664170e+00 3.399220169263045092e-03 -1.270556297534375725e-02 9.999135032888952779e-01 1.798601252651069071e+00
5.296332285147237195e-01 8.481792595078608832e-01 8.977031525163844602e-03 -8.770819075496970596e-01 -8.482199529723897236e-01 5.295569020531615267e-01 9.612436382706545518e-03 1.468823199667664170e+00 3.399220169263045092e-03 -1.270556297534375725e-02 9.999135032888952779e-01 1.798601252651069071e+00
5.296332285147237195e-01 8.481792595078608832e-01 8.977031525163844602e-03 -8.770819075496970596e-01 -8.482199529723897236e-01 5.295569020531615267e-01 9.612436382706545518e-03 1.468823199667664170e+00 3.399220169263045092e-03 -1.270556297534375725e-02 9.999135032888952779e-01 1.798601252651069071e+00
5.296332285147237195e-01 8.481792595078608832e-01 8.977031525163844602e-03 -8.770819075496970596e-01 -8.482199529723897236e-01 5.295569020531615267e-01 9.612436382706545518e-03 1.468823199667664170e+00 3.399220169263045092e-03 -1.270556297534375725e-02 9.999135032888952779e-01 1.798601252651069071e+00
5.296332285147237195e-01 8.481792595078608832e-01 8.977031525163844602e-03 -8.770819075496970596e-01 -8.482199529723897236e-01 5.295569020531615267e-01 9.612436382706545518e-03 1.468823199667664170e+00 3.399220169263045092e-03 -1.270556297534375725e-02 9.999135032888952779e-01 1.798601252651069071e+00
5.296332285147237195e-01 8.481792595078608832e-01 8.977031525163844602e-03 -8.770819075496970596e-01 -8.482199529723897236e-01 5.295569020531615267e-01 9.612436382706545518e-03 1.468823199667664170e+00 3.399220169263045092e-03 -1.270556297534375725e-02 9.999135032888952779e-01 1.798601252651069071e+00
5.295193350930352816e-01 8.482473266517834842e-01 9.259950020024016598e-03 -9.194764659419744079e-01 -8.482927800102295635e-01 5.294468002226707659e-01 9.243663184543395375e-03 1.536280580601459667e+00 2.938261676567625012e-03 -1.274984712202874813e-02 9.999144004526127061e-01 1.798367395344656838e+00
5.291385666622292483e-01 8.484604637459080001e-01 1.127914711036152352e-02 -1.063981138966584972e+00 -8.485351467777818568e-01 5.291025202909748204e-01 6.215155209349677336e-03 1.766224321148631482e+00 -6.945116922760372546e-04 -1.285943106562842039e-02 9.999170731227159381e-01 1.801751584371964254e+00
5.284778930223739124e-01 8.488115256135173592e-01 1.516942147842313855e-02 -1.211130528082718261e+00 -8.489323861015228845e-01 5.284894565145809020e-01 3.563542148367198140e-03 2.007109220378870518e+00 -4.992103664166261390e-03 -1.476106641364901412e-02 9.998785879395561960e-01 1.807369905412604005e+00
5.280109209413638149e-01 8.490010256584392678e-01 2.004312425269729955e-02 -1.347037044305408493e+00 -8.491845430715539988e-01 5.280946443853973271e-01 1.288120553118892505e-03 2.234428176520466103e+00 -9.491050900586705044e-03 -1.770045302389001984e-02 9.997982871133197502e-01 1.814749394812033900e+00
5.271067060882198563e-01 8.494546417956468920e-01 2.419365991659310280e-02 -1.504800540845900869e+00 -8.496944649813716888e-01 5.272749311483141410e-01 -6.814629019864911147e-04 2.496733689718535487e+00 -1.333558218686104954e-02 -2.019801524609584134e-02 9.997070589424680298e-01 1.822512923043901223e+00
5.260317958327492827e-01 8.499810891424033343e-01 2.868273830962058193e-02 -1.667861350897541950e+00 -8.502998862538860836e-01 5.262948828219281561e-01 -1.949654754677164394e-03 2.770465986840436656e+00 -1.675274806101103436e-02 -2.336334872195412748e-02 9.995866650747766702e-01 1.830997976806194139e+00
5.253456146993656928e-01 8.502769899626916317e-01 3.226495506039477046e-02 -1.821523825953695219e+00 -8.506838487444290386e-01 5.256737571213992988e-01 -2.022949554032325240e-03 3.028981236946571620e+00 -1.868090758690126030e-02 -2.638452844353386673e-02 9.994773045519086407e-01 1.837774847298898395e+00
5.245065359065930188e-01 8.507088731359629952e-01 3.445734941324354178e-02 -2.001732414372227709e+00 -8.512023044534926530e-01 5.248373166890619723e-01 -6.555970781752904104e-04 3.330323248199336561e+00 -1.864222503891663912e-02 -2.898631024600197351e-02 9.994059552954147607e-01 1.842442506059060792e+00
5.236691788954553894e-01 8.512108333657870674e-01 3.479526371277176511e-02 -2.192389926453031546e+00 -8.517387785799107602e-01 5.239662144830028456e-01 6.790831629332421239e-04 3.643636622078485487e+00 -1.765349964475546041e-02 -2.999209031078047330e-02 9.993942319277859809e-01 1.845791946909466352e+00
5.229798260426309353e-01 8.517069091855278273e-01 3.297642838748532368e-02 -2.369892014247964251e+00 -8.521902654349676753e-01 5.232306811317094519e-01 1.186626692409201026e-03 3.928313923541677077e+00 -1.624362091110164580e-02 -2.872277304361823755e-02 9.994554264945181288e-01 1.848103250244692575e+00
5.220538231331800505e-01 8.524936380976128047e-01 2.672836371574928080e-02 -2.579780957366840433e+00 -8.528554166842339246e-01 5.221251665050449242e-01 4.790726758227313760e-03 4.259939613475857811e+00 -9.871487263132064718e-03 -2.529644696434548215e-02 9.996312551788675282e-01 1.841625782790691002e+00
5.218954008882774609e-01 8.528196002912875606e-01 1.799785315720802206e-02 -2.801963230106500724e+00 -8.530062287780417751e-01 5.217188647168123916e-01 1.377687709884429894e-02 4.611409378249543778e+00 2.359371301245065649e-03 -2.254236961464807162e-02 9.997431059127230846e-01 1.821836553587581342e+00
5.220818840497452040e-01 8.528396199197206817e-01 9.751512788565131970e-03 -3.030162929400541660e+00 -8.527526195276142751e-01 5.217512083258519784e-01 2.426209537044867609e-02 4.975900088199866289e+00 1.560381260090476681e-02 -2.098242850754498262e-02 9.996580724378435479e-01 1.794913101241847109e+00
5.217759794257631478e-01 8.530434976402295755e-01 8.162202474994308121e-03 -3.252907536366354435e+00 -8.527513234806535225e-01 5.212829219651508028e-01 3.285267699467948888e-02 5.349396050365837318e+00 2.376994570097602788e-02 -2.410206664586322933e-02 9.994268773404085815e-01 1.771651346481575073e+00
5.216783830682597545e-01 8.530775294376015117e-01 1.050697433061999718e-02 -3.452609237762370054e+00 -8.527565454108473331e-01 5.210327194546883200e-01 3.648537288407861789e-02 5.687958078965863251e+00 2.565037431650615124e-02 -2.799352142626755288e-02 9.992789521781774154e-01 1.758079134412053213e+00
5.210356107483241628e-01 8.534296466045473428e-01 1.340648426055577117e-02 -3.678277148187666157e+00 -8.531986468802246204e-01 5.203251968634710067e-01 3.624584898409696082e-02 6.066271468717786775e+00 2.395755049468654280e-02 -3.032377225554562863e-02 9.992529749816271289e-01 1.749664427832142044e+00
5.201456426455176585e-01 8.539913514567508690e-01 1.213611792031442198e-02 -3.918946784533241079e+00 -8.538060316948542505e-01 5.195694746748523718e-01 3.260098664276603331e-02 6.452720434878839839e+00 2.153540419302557921e-02 -2.731915179213135689e-02 9.993947637552489383e-01 1.743588086710541329e+00
5.195385226046608240e-01 8.543964714363473378e-01 9.294967938330298343e-03 -4.171034989143764804e+00 -8.542926747657803022e-01 5.192071680715313331e-01 2.465655365693219039e-02 6.845208571715914125e+00 1.624045842993966995e-02 -2.075065244590178215e-02 9.996527704667875769e-01 1.744169786659612642e+00
5.185137920667172162e-01 8.550211336323318978e-01 9.072583675609159279e-03 -4.421382969845935484e+00 -8.550347446903514559e-01 5.183683290387082199e-01 1.448668500535855823e-02 7.242110542977092891e+00 7.683481782294757437e-03 -1.526892021572340621e-02 9.998539031951381162e-01 1.753443616384799952e+00
5.176813891365934506e-01 8.554963731241623792e-01 1.148643903074498575e-02 -4.669002788175292018e+00 -8.555725605696185010e-01 5.176144769475700125e-01 8.417243245988864295e-03 7.650065346534665522e+00 1.255373934652991019e-03 -1.418493221375837637e-02 9.998986025457288207e-01 1.762965707210567112e+00
5.172101106584703345e-01 8.557432071868530388e-01 1.404510084236890513e-02 -4.899379265124163219e+00 -8.558580185826882847e-01 5.171568404394435436e-01 7.473587173046214796e-03 8.035843788322960535e+00 -8.680485186626514093e-04 -1.588602702969177036e-02 9.998734322964850652e-01 1.766638549984895779e+00
5.165560233919243016e-01 8.561209597650829561e-01 1.505912507828880559e-02 -5.167330327379965560e+00 -8.562533639048307554e-01 5.164714402320057518e-01 9.350313886300563176e-03 8.482896914861857596e+00 2.273916807237306580e-04 -1.772438745783652680e-02 9.998428849407402508e-01 1.764410174525099739e+00
5.157247970474186927e-01 8.566405114504780371e-01 1.396309897919239748e-02 -5.444185912947568262e+00 -8.567520764374542130e-01 5.156178136439626414e-01 1.068410041392761807e-02 8.939144511471509347e+00 1.952810677270756324e-03 -1.747296955788366427e-02 9.998454291362061097e-01 1.760507147498352465e+00
5.150114689456318784e-01 8.570934986896300289e-01 1.240652246357960321e-02 -5.726174319658111855e+00 -8.571814042844266845e-01 5.149260572282420290e-01 9.549672102297696724e-03 9.398821279436834430e+00 1.796520179895376608e-03 -1.555283100009869496e-02 9.998774337665974343e-01 1.759474240902121345e+00
5.144636708193407459e-01 8.574243622395356645e-01 1.227171470784743472e-02 -5.981180335822413596e+00 -8.575117775382811169e-01 5.143969524069479382e-01 8.326301796910875325e-03 9.818170683319475955e+00 8.266413627043233108e-04 -1.480671967067120724e-02 9.998900331861140245e-01 1.760299051297093742e+00
5.140997855934508198e-01 8.576313433920750295e-01 1.303417849131019955e-02 -6.266581866278186475e+00 -8.577298889698371509e-01 5.140564481452587486e-01 6.738422708149953595e-03 1.028867301711084181e+01 -9.212209796267620265e-04 -1.464402613608231651e-02 9.998923465503745112e-01 1.763240391135102891e+00
5.133810069224592487e-01 8.580429130705239382e-01 1.422328399948739192e-02 -6.554406333507035498e+00 -8.581595332141301880e-01 5.133381081476505736e-01 6.797278175278658255e-03 1.077050353913282343e+01 -1.468997332867832137e-03 -1.569544025971834206e-02 9.998757403172877645e-01 1.764885890218411690e+00
5.125285857379565657e-01 8.585529325034516601e-01 1.418843450606814029e-02 -6.846010806029328322e+00 -8.586693782254963825e-01 5.124804899782353651e-01 7.116675885567363621e-03 1.125693940644648805e+01 -1.161252914679177656e-03 -1.583067405109633147e-02 9.998740131646612905e-01 1.765332809092099220e+00
5.119163297574524929e-01 8.589309592547631489e-01 1.338952466051000767e-02 -7.141704944361364937e+00 -8.590351744576140147e-01 5.118629685738331769e-01 7.407511564045371477e-03 1.174808087889897124e+01 -4.910608281991128915e-04 -1.529409878206058372e-02 9.998829183372783813e-01 1.765036719222431660e+00
5.113737405097551481e-01 8.592451011829476126e-01 1.395544486124687331e-02 -7.437155425341280157e+00 -8.593577646617083232e-01 5.112858209475290572e-01 9.541616490312151283e-03 1.224647569259067481e+01 1.063366144933334916e-03 -1.687205200273240654e-02 9.998570918302865929e-01 1.762643878528784569e+00
5.106440295573375643e-01 8.596377255456680855e-01 1.629895752526617017e-02 -7.730378121684220893e+00 -8.597900533555498104e-01 5.105083418332095890e-01 1.192883586484724465e-02 1.274851204538675731e+01 1.933723548747040034e-03 -2.010507037399963601e-02 9.997960026301478953e-01 1.760359462043215917e+00
5.097095045527239021e-01 8.601658383465210500e-01 1.763382323039429725e-02 -7.997170551757993628e+00 -8.603399069418286027e-01 5.095178163429922025e-01 1.438191152465107328e-02 1.320486526026716056e+01 3.386081879756067895e-03 -2.250167883045487219e-02 9.997410710175483883e-01 1.756194604939823378e+00
5.086718123366601452e-01 8.607989762880001727e-01 1.667663159200181294e-02 -8.300222448467527769e+00 -8.609432753636623303e-01 5.084436684413112806e-01 1.617754422019050675e-02 1.371512227530054062e+01 5.446485755528870411e-03 -2.258669456386672506e-02 9.997300522541781032e-01 1.749959067446275274e+00
5.077294660391841186e-01 8.613955365387448992e-01 1.444019822666001845e-02 -8.607445883786557062e+00 -8.615017258797852406e-01 5.075510231638656888e-01 1.437829778408295303e-02 1.422281709581745446e+01 5.056264146656349809e-03 -1.974054115178130661e-02 9.997923512435086257e-01 1.747616595273100426e+00
5.068377150059401037e-01 8.619569016306946052e-01 1.207604285765960343e-02 -8.916386436459065479e+00 -8.620343331428150790e-01 5.067266891775318305e-01 1.117458646404326933e-02 1.473193400145054710e+01 3.512758707962136771e-03 -1.607366541828676026e-02 9.998646399618287273e-01 1.747959926019412080e+00
5.061376787094503671e-01 8.623741459717839675e-01 1.163971824404272729e-02 -9.224776182832881588e+00 -8.624497652605771503e-01 5.060546866763334650e-01 9.436999350684944360e-03 1.524949878977045259e+01 2.247890288309107708e-03 -1.481509320338749054e-02 9.998877240423705848e-01 1.748573432629443536e+00
5.053368779982347903e-01 8.627976479067605009e-01 1.465807549195566328e-02 -9.526259493534057654e+00 -8.629206769649142572e-01 5.052316967624110866e-01 1.043256270240056245e-02 1.577208895582718995e+01 1.595466209459720213e-03 -1.792071507976422326e-02 9.998381384466179522e-01 1.748764695484522846e+00
5.041817282832946612e-01 8.634161789681441546e-01 1.769992433411187588e-02 -9.825094335872153195e+00 -8.635954673473316134e-01 5.040292198450375682e-01 1.254651043795671633e-02 1.629404073766575678e+01 1.911581043988114454e-03 -2.161129573254040245e-02 9.997646215430686656e-01 1.747503821811880131e+00
5.024661458426267213e-01 8.644012707682142693e-01 1.839064755204420851e-02 -1.012991303572604984e+01 -8.645910723894824068e-01 5.022710927020860305e-01 1.435366182351916278e-02 1.682397947241603831e+01 3.170232880124948874e-03 -2.311261882499426185e-02 9.997278416536568013e-01 1.744195470912134338e+00
5.010446394243609491e-01 8.652702415859586660e-01 1.617649420238009492e-02 -1.041007661815060636e+01 -8.654166018931850335e-01 5.008917946024091794e-01 1.270888797836105741e-02 1.729740287383812003e+01 2.893949358756633602e-03 -2.036712683248522587e-02 9.997883806152531028e-01 1.743612655042404258e+00
4.997968987071860769e-01 8.660336850684232646e-01 1.373740649672758676e-02 -1.072094345316787667e+01 -8.661407402321765758e-01 4.996997851450968864e-01 1.001713404718956001e-02 1.782076606864091772e+01 1.810596435508454857e-03 -1.690505996427566632e-02 9.998554599003849352e-01 1.744551601798412177e+00
4.988709155558208042e-01 8.665851499055768903e-01 1.256931604578564142e-02 -1.102826724570828887e+01 -8.666761639054305633e-01 4.988265100289257514e-01 6.673822915819444847e-03 1.834263529873610565e+01 -4.864722254423089727e-04 -1.422290276124158620e-02 9.998987310917147875e-01 1.748233843282731792e+00
4.980997999530984988e-01 8.670156659885682737e-01 1.343221452685461684e-02 -1.133149100843361445e+01 -8.671128531591382194e-01 4.980976952959843551e-01 3.739790089296844873e-03 1.886407647302472768e+01 -3.448098503229268721e-03 -1.351003455731188997e-02 9.999027901404862195e-01 1.754611014816564341e+00
4.972232696219977544e-01 8.674856472311975875e-01 1.541662392711074837e-02 -1.163081069571655135e+01 -8.676069028068379430e-01 4.972427320058338540e-01 2.815644879637303061e-03 1.938724123914248665e+01 -5.223272681770409383e-03 -1.477557349322695425e-02 9.998771925544776007e-01 1.760569788918791678e+00
4.961470994821413627e-01 8.681074142857947429e-01 1.508553132710380162e-02 -1.190276722467998205e+01 -8.682272105497779169e-01 4.961542860108552055e-01 3.526412181421015833e-03 1.986156911905115408e+01 -4.423446467798191825e-03 -1.484728796523277806e-02 9.998799885675233590e-01 1.762213096138258939e+00
4.949809665512771018e-01 8.688138077230811440e-01 1.250642740831764410e-02 -1.220822646055138527e+01 -8.689021193077723915e-01 4.949571769190949100e-01 5.147856842981233562e-03 2.039063234597606211e+01 -1.717616900330150211e-03 -1.341495243270021676e-02 9.999085404353171835e-01 1.760067427998772471e+00
4.935413354608399472e-01 8.696712331648632777e-01 9.428513301890296960e-03 -1.251101810195075181e+01 -8.697192118649006431e-01 4.934814765901143208e-01 8.032756505321498458e-03 2.091821496434763361e+01 2.333060587655741858e-03 -1.216465652418551036e-02 9.999232862624370943e-01 1.753623124204811923e+00
4.916598614421198721e-01 8.707663127350099286e-01 6.050590662189516550e-03 -1.281249550568545104e+01 -8.707622776781485108e-01 4.915811347226340944e-01 1.100201262860914762e-02 2.144633025492187528e+01 6.605825744782471004e-03 -1.067787410692964609e-02 9.999211702396582080e-01 1.744230248597967936e+00
4.899314651099300200e-01 8.717493903716598824e-01 4.490021561509558758e-03 -1.311025527615365505e+01 -8.717128093302378700e-01 4.898437805520554633e-01 1.303262224392303693e-02 2.197459567325065066e+01 9.161771360686259483e-03 -1.029910101725296789e-02 9.999049910614741243e-01 1.735595029979219106e+00
4.885377304178364355e-01 8.725314211509003215e-01 4.450344760029976629e-03 -1.337484289239556823e+01 -8.724913129095673847e-01 4.884471728686367586e-01 1.335173368523293221e-02 2.244648294375823738e+01 9.476048850491679623e-03 -1.040571281258019856e-02 9.999009581930998758e-01 1.730450359703071372e+00
4.868947947108011598e-01 8.734423393377130918e-01 5.651441542804867130e-03 -1.366436515729917822e+01 -8.734318750459012515e-01 4.868160853153178369e-01 1.126316074721411126e-02 2.296529869307043015e+01 7.086508823595990929e-03 -1.042012352123985151e-02 9.999205981066493498e-01 1.729977924731783023e+00
4.854059123040417867e-01 8.742567378756781471e-01 7.500451551669385514e-03 -1.395088175917276807e+01 -8.742849447648866068e-01 4.853600054392623875e-01 7.176389552828064608e-03 2.348036113266236669e+01 2.633587713553153364e-03 -1.004099379105584389e-02 9.999461199295031077e-01 1.735021060247257774e+00
4.839458821450334236e-01 8.750568167221129956e-01 8.482387120583290835e-03 -1.423791249369512535e+01 -8.750968047899345681e-01 4.839380554017950753e-01 3.088857857647652524e-03 2.399435234296844044e+01 -1.402023803267797401e-03 -8.917749905613052419e-03 9.999592532386604171e-01 1.741908519182817860e+00
4.825196315440893891e-01 8.758323049960481388e-01 9.621797479287591895e-03 -1.452331687726466214e+01 -8.758703295060764615e-01 4.825462655051240835e-01 -5.175068425415983806e-04 2.450914690935015727e+01 -5.096211650935653266e-03 -8.177739716396391703e-03 9.999535756043765877e-01 1.750516145845623983e+00
4.811577585593145301e-01 8.765744740916486810e-01 1.021778254521696350e-02 -1.477871206268096671e+01 -8.766108989455612122e-01 4.811970423724349910e-01 -1.654871207232837911e-03 2.497334156299746866e+01 -6.367384595798039615e-03 -8.160765419326436801e-03 9.999464278189047484e-01 1.756135847772673175e+00
4.795831957879082563e-01 8.774454196052747790e-01 9.460143619727350017e-03 -1.506348621038771896e+01 -8.774799569337817795e-01 4.796123593366123927e-01 -9.541006675054927635e-04 2.549306986387354002e+01 -5.374373059410293522e-03 -7.843515767737502600e-03 9.999547967645959767e-01 1.758464344347478558e+00
4.780697515479150894e-01 8.782871474584508231e-01 7.810223191234466449e-03 -1.534867513790868010e+01 -8.783183949537606283e-01 4.780739826076775278e-01 1.436879197153622485e-03 2.601479679624403474e+01 -2.471871973040370551e-03 -7.546791177169466340e-03 9.999684674441742249e-01 1.756358663282979737e+00
4.765792779526472067e-01 8.791108730039893793e-01 6.022051519433446395e-03 -1.563125291406525008e+01 -8.791313867481227451e-01 4.765714957952795761e-01 2.759482221692869958e-03 2.653155266744881402e+01 -4.440472746945266051e-04 -6.609286547091339052e-03 9.999780599255854163e-01 1.754291226910335899e+00
